chr1,chr2,start1,end1,start2,end2,count
chr11,chr11,32155100,32155300,32091100,32091300,114
chr11,chr11,32045200,32045600,32051100,32051300,823
chr11,chr11,32142000,32144100,32145800,32146000,2162
chr11,chr11,32047500,32047800,32051100,32051300,1635
chr11,chr11,32228600,32230000,32236300,32236500,1332
chr11,chr11,32243100,32244800,32236300,32236500,594
chr11,chr11,32204900,32205600,32215400,32215600,505
chr11,chr11,32252900,32253400,32258700,32258900,1068
chr11,chr11,32196900,32197500,32145800,32146000,1455
chr11,chr11,32151000,32151800,32156000,32156200,865
chr11,chr11,32150600,32151000,32145800,32146000,2349
chr11,chr11,32292900,32293000,32291300,32291500,1909
chr11,chr11,32268400,32268800,32275000,32275200,1759
chr11,chr11,32053500,32053600,32067900,32068100,308
chr11,chr11,32280000,32281200,32275000,32275200,1270
chr11,chr11,32261900,32262300,32258700,32258900,1755
chr11,chr11,32149600,32149900,32145800,32146000,2603
chr11,chr11,32004300,32004400,32019000,32019200,174
chr11,chr11,32191200,32192000,32151300,32151500,723
chr11,chr11,32088600,32088800,32091100,32091300,1742
chr11,chr11,32218100,32218700,32215400,32215600,1669
chr11,chr11,32294300,32294400,32291300,32291500,1686
chr11,chr11,32262700,32262800,32258700,32258900,1540
chr11,chr11,32108600,32108700,32119100,32119300,533
chr11,chr11,32007900,32008000,32011800,32012000,1218
chr11,chr11,32128400,32128500,32119100,32119300,450
chr11,chr11,32070100,32070400,32067900,32068100,1935
chr11,chr11,32056200,32056400,32051100,32051300,840
chr11,chr11,32161600,32161900,32151300,32151500,1456
chr11,chr11,32217200,32217300,32215400,32215600,1708
chr11,chr11,32240300,32240700,32242600,32242800,2056
chr11,chr11,32295200,32296400,32291300,32291500,1620
chr11,chr11,32255800,32255900,32252600,32252800,1335
chr11,chr11,32150200,32150600,32145800,32146000,2502
chr11,chr11,32293500,32294100,32291300,32291500,1629
chr11,chr11,32038200,32038900,32042100,32042300,1280
chr11,chr11,32289600,32290000,32275000,32275200,508
chr11,chr11,32116800,32117100,32145800,32146000,242
chr11,chr11,32293000,32293500,32291300,32291500,2576
chr11,chr11,32048300,32049000,32059300,32059500,461
chr11,chr11,32288400,32288500,32291300,32291500,1297
chr11,chr11,32108700,32109000,32110900,32111100,1572
chr11,chr11,32281200,32281400,32258700,32258900,326
chr11,chr11,32038200,32038900,32036400,32036600,1673
chr11,chr11,32088800,32090000,32067900,32068100,319
chr11,chr11,32166100,32166800,32175100,32175300,706
chr11,chr11,32020200,32021200,32011800,32012000,426
chr11,chr11,32019200,32020200,32011800,32012000,525
chr11,chr11,32060900,32061000,32215400,32215600,71
chr11,chr11,32294300,32294400,32297900,32298100,992
chr11,chr11,32006400,32007000,32027300,32027500,333
chr11,chr11,32095800,32096300,32091100,32091300,1224
chr11,chr11,32297200,32297500,32215400,32215600,46
chr11,chr11,32255600,32255800,32258700,32258900,969
chr11,chr11,32294400,32294800,32297900,32298100,1216
chr11,chr11,32262700,32262800,32267200,32267400,710
chr11,chr11,32232300,32232400,32236300,32236500,1460
chr11,chr11,32004700,32004900,32002400,32002600,1359
chr11,chr11,32240700,32242000,32236300,32236500,1444
chr11,chr11,32108000,32108600,32110900,32111100,1765
chr11,chr11,32095100,32095600,32091100,32091300,1428
chr11,chr11,32279600,32279700,32275000,32275200,1186
chr11,chr11,32084600,32084700,32067900,32068100,235
chr11,chr11,32149900,32149900,32151300,32151500,977
chr11,chr11,32244800,32245800,32242600,32242800,1486
chr11,chr11,32189400,32189700,32151300,32151500,702
chr11,chr11,32148300,32148900,32145800,32146000,2379
chr11,chr11,32254000,32255200,32252600,32252800,2044
chr11,chr11,32041100,32041100,32036400,32036600,370
chr11,chr11,32176200,32176900,32168900,32169100,636
chr11,chr11,32207700,32207900,32215400,32215600,754
chr11,chr11,32016200,32018100,32042100,32042300,243
chr11,chr11,32152900,32153200,32168900,32169100,298
chr11,chr11,32133400,32134700,32067900,32068100,106
chr11,chr11,32152400,32152500,32119100,32119300,138
chr11,chr11,32013900,32015000,32019000,32019200,1225
chr11,chr11,32021200,32023400,32019000,32019200,1477
chr11,chr11,32188600,32188800,32145800,32146000,772
chr11,chr11,32018700,32019000,32042100,32042300,278
chr11,chr11,32242300,32242400,32252600,32252800,324
chr11,chr11,32010300,32011300,32002400,32002600,906
chr11,chr11,32031100,32031200,32036400,32036600,442
chr11,chr11,32159200,32159500,32151300,32151500,1508
chr11,chr11,32099800,32100200,32091100,32091300,718
chr11,chr11,32118900,32119500,32145800,32146000,306
chr11,chr11,32188600,32188800,32151300,32151500,757
chr11,chr11,32045200,32045600,32042100,32042300,1472
chr11,chr11,32255900,32256900,32275000,32275200,460
chr11,chr11,32044500,32045100,32042100,32042300,1561
chr11,chr11,32188800,32188900,32110900,32111100,56
chr11,chr11,32071200,32071300,32067900,32068100,1360
chr11,chr11,32079900,32080000,32076800,32077000,217
chr11,chr11,32115100,32115700,32119100,32119300,1232
chr11,chr11,32222200,32222700,32119100,32119300,146
chr11,chr11,32179600,32179800,32175100,32175300,1072
chr11,chr11,32105500,32105600,32110900,32111100,832
chr11,chr11,32000000,32000500,32002400,32002600,2292
chr11,chr11,32195800,32196600,32207100,32207300,446
chr11,chr11,32039700,32040700,32042100,32042300,1030
chr11,chr11,32240300,32240700,32242600,32242800,2056
chr11,chr11,32266200,32266300,32275000,32275200,794
chr11,chr11,32018400,32018700,32011800,32012000,846
chr11,chr11,32155300,32155800,32145800,32146000,1126
chr11,chr11,32162700,32164900,32151300,32151500,1791
chr11,chr11,32264900,32265000,32291300,32291500,196
chr11,chr11,32159600,32160700,32145800,32146000,810
chr11,chr11,32083300,32083600,32091100,32091300,657
chr11,chr11,32120800,32121400,32119100,32119300,2226
chr11,chr11,32031200,32031400,32027300,32027500,1200
chr11,chr11,32262400,32262500,32258700,32258900,1769
chr11,chr11,32070700,32070800,32067900,32068100,1224
chr11,chr11,32260100,32260900,32242600,32242800,338
chr11,chr11,32233100,32234000,32236300,32236500,2032
chr11,chr11,32224300,32227200,32236300,32236500,828
chr11,chr11,32009700,32010300,32011800,32012000,2388
chr11,chr11,32146900,32148300,32151300,32151500,2699
chr11,chr11,32047900,32048300,32051100,32051300,1329
chr11,chr11,32247900,32248800,32252600,32252800,1166
chr11,chr11,32266500,32267100,32236300,32236500,119
chr11,chr11,32060500,32060900,32067900,32068100,782
chr11,chr11,32155800,32156300,32151300,32151500,2893
chr11,chr11,32156800,32157200,32151300,32151500,1763
chr11,chr11,32140700,32140800,32207100,32207300,66
chr11,chr11,32155300,32155800,32151300,32151500,3284
chr11,chr11,32232400,32232500,32242600,32242800,213
chr11,chr11,32261300,32261800,32258700,32258900,1314
chr11,chr11,32075500,32075700,32067900,32068100,608
chr11,chr11,32168300,32168600,32151300,32151500,1127
