chr1,chr2,start1,end1,start2,end2,count
chr11,chr11,32082100,32082600,32083700,32083900,1509
chr11,chr11,32219500,32219900,32215400,32215600,1423
chr11,chr11,32005500,32006400,32002400,32002600,1115
chr11,chr11,32008900,32009400,32011800,32012000,1374
chr11,chr11,32013700,32013800,32011800,32012000,1604
chr11,chr11,32046000,32047200,32042100,32042300,1571
chr11,chr11,32090000,32090400,32083700,32083900,783
chr11,chr11,32130300,32130700,32119100,32119300,699
chr11,chr11,32093700,32093800,32091100,32091300,1505
chr11,chr11,32259700,32260100,32267200,32267400,688
chr11,chr11,32262700,32262800,32258700,32258900,1540
chr11,chr11,32031400,32031900,32036400,32036600,655
chr11,chr11,32212500,32212800,32215400,32215600,2119
chr11,chr11,32159200,32159500,32151300,32151500,1508
chr11,chr11,32088000,32088600,32091100,32091300,1638
chr11,chr11,32167200,32167500,32151300,32151500,1077
chr11,chr11,32064300,32065100,32002400,32002600,84
chr11,chr11,32059800,32060000,32067900,32068100,480
chr11,chr11,32175300,32175500,32145800,32146000,240
chr11,chr11,32015000,32015500,32019000,32019200,850
chr11,chr11,32167100,32167200,32168900,32169100,402
chr11,chr11,32200400,32203100,32207100,32207300,1046
chr11,chr11,32233100,32234000,32236300,32236500,2032
chr11,chr11,32266300,32266500,32258700,32258900,702
chr11,chr11,32116400,32116700,32119100,32119300,1475
chr11,chr11,32253400,32253700,32258700,32258900,1293
chr11,chr11,32260900,32261300,32291300,32291500,176
chr11,chr11,32255600,32255800,32252600,32252800,1105
chr11,chr11,32169500,32169900,32275000,32275200,66
chr11,chr11,32041600,32042100,32036400,32036600,573
chr11,chr11,32121600,32121900,32110900,32111100,301
chr11,chr11,32271200,32271600,32275000,32275200,1973
chr11,chr11,32161600,32161900,32151300,32151500,1456
chr11,chr11,32185900,32186400,32175100,32175300,582
chr11,chr11,32064300,32065100,32067900,32068100,1307
chr11,chr11,32120800,32121400,32119100,32119300,2226
chr11,chr11,32033900,32034900,32036400,32036600,1858
chr11,chr11,32047200,32047500,32051100,32051300,1224
chr11,chr11,32243100,32244800,32258700,32258900,375
chr11,chr11,32155800,32156300,32145800,32146000,1094
chr11,chr11,32283800,32284500,32275000,32275200,584
chr11,chr11,32146900,32148300,32151300,32151500,2699
chr11,chr11,32156400,32156800,32151300,32151500,2122
chr11,chr11,32132700,32133000,32119100,32119300,540
chr11,chr11,32217200,32217300,32215400,32215600,1708
chr11,chr11,32053600,32054600,32051100,32051300,1460
chr11,chr11,32105600,32106200,32110900,32111100,1204
chr11,chr11,32075700,32076600,32236300,32236500,92
chr11,chr11,32262800,32263100,32267200,32267400,870
chr11,chr11,32230600,32230700,32236300,32236500,918
chr11,chr11,32024300,32026000,32019000,32019200,1027
chr11,chr11,32286700,32288400,32297900,32298100,685
chr11,chr11,32155800,32156300,32151300,32151500,2893
chr11,chr11,32112900,32113200,32110900,32111100,1952
chr11,chr11,32188900,32189400,32151300,32151500,799
chr11,chr11,32052600,32053200,32059300,32059500,824
chr11,chr11,32253700,32253900,32258700,32258900,1220
chr11,chr11,32065100,32065800,32083700,32083900,273
chr11,chr11,32246500,32246900,32242600,32242800,1331
chr11,chr11,32041100,32041500,32036400,32036600,945
chr11,chr11,32262400,32262500,32252600,32252800,640
chr11,chr11,32008700,32008800,32011800,32012000,956
chr11,chr11,32162500,32162700,32156000,32156200,475
chr11,chr11,32010300,32011300,32002400,32002600,906
chr11,chr11,32057200,32057300,32059300,32059500,921
chr11,chr11,32217300,32217400,32215400,32215600,1998
chr11,chr11,32219400,32219500,32215400,32215600,1205
chr11,chr11,32063300,32063700,32067900,32068100,1740
chr11,chr11,32172100,32172400,32151300,32151500,524
chr11,chr11,32239500,32240300,32236300,32236500,2072
chr11,chr11,32027800,32028600,32019000,32019200,596
chr11,chr11,32261900,32262300,32258700,32258900,1755
chr11,chr11,32116700,32116800,32110900,32111100,855
chr11,chr11,32016200,32018100,32011800,32012000,1104
chr11,chr11,32047500,32047800,32051100,32051300,1635
chr11,chr11,32234200,32235000,32242600,32242800,761
chr11,chr11,32208400,32209300,32236300,32236500,227
chr11,chr11,32133400,32134700,32091100,32091300,211
chr11,chr11,32126000,32126100,32119100,32119300,593
chr11,chr11,32284500,32284800,32291300,32291500,1021
chr11,chr11,32008800,32008900,32011800,32012000,1135
chr11,chr11,32081500,32082100,32076800,32077000,491
chr11,chr11,32245800,32246300,32083700,32083900,96
chr11,chr11,32239500,32240300,32242600,32242800,1775
chr11,chr11,32169900,32170700,32175100,32175300,1178
chr11,chr11,32000500,32000600,32002400,32002600,1920
chr11,chr11,32153500,32153900,32151300,32151500,3514
chr11,chr11,32006400,32007000,32011800,32012000,1110
chr11,chr11,32232300,32232400,32236300,32236500,1460
chr11,chr11,32135900,32136400,32168900,32169100,68
chr11,chr11,32112600,32112900,32119100,32119300,712
chr11,chr11,32215700,32215800,32291300,32291500,64
chr11,chr11,32044500,32045100,32036400,32036600,427
chr11,chr11,32093800,32094600,32091100,32091300,1927
chr11,chr11,32168300,32168600,32151300,32151500,1127
chr11,chr11,32217700,32218100,32283600,32283800,45
chr11,chr11,32190700,32191200,32215400,32215600,181
chr11,chr11,32013900,32015000,32019000,32019200,1225
chr11,chr11,32192200,32192600,32151300,32151500,798
chr11,chr11,32234000,32234200,32236300,32236500,2063
chr11,chr11,32173800,32174200,32151300,32151500,521
chr11,chr11,32009700,32010300,32011800,32012000,2388
chr11,chr11,32267600,32268300,32275000,32275200,1266
chr11,chr11,32152900,32153200,32151300,32151500,3781
chr11,chr11,32073800,32073900,32067900,32068100,761
chr11,chr11,32081500,32082100,32067900,32068100,458
chr11,chr11,32135100,32135700,32145800,32146000,424
chr11,chr11,32154000,32155100,32151300,32151500,3589
chr11,chr11,32050500,32050600,32091100,32091300,61
chr11,chr11,32177600,32177700,32175100,32175300,1953
chr11,chr11,32160700,32161300,32151300,32151500,1508
chr11,chr11,32284800,32285300,32291300,32291500,1281
chr11,chr11,32289600,32290000,32291300,32291500,2293
chr11,chr11,32110300,32110500,32119100,32119300,657
chr11,chr11,32216000,32216300,32207100,32207300,509
chr11,chr11,32282000,32282300,32283600,32283800,657
chr11,chr11,32153200,32153500,32151300,32151500,2932
chr11,chr11,32006400,32007000,32242600,32242800,44
chr11,chr11,32213500,32214200,32236300,32236500,249
chr11,chr11,32073900,32074100,32067900,32068100,1000
chr11,chr11,32179800,32180800,32145800,32146000,625
chr11,chr11,32139700,32139800,32119100,32119300,272
chr11,chr11,32159200,32159500,32175100,32175300,339
chr11,chr11,32188200,32188600,32175100,32175300,381
chr11,chr11,32268800,32269200,32267200,32267400,1482
chr11,chr11,32098900,32099600,32091100,32091300,664
chr11,chr11,32051700,32051900,32059300,32059500,545
chr11,chr11,32270100,32271200,32275000,32275200,1514
