chr1,chr2,start1,end1,start2,end2,count
chr11,chr11,32000000,32000500,32002400,32002600,1727
chr11,chr11,32122000,32122600,32119100,32119300,1689
chr11,chr11,32247800,32247900,32242600,32242800,846
chr11,chr11,32251600,32252000,32242600,32242800,588
chr11,chr11,32118000,32118700,32091100,32091300,364
chr11,chr11,32156800,32157200,32175100,32175300,424
chr11,chr11,32246900,32247500,32252600,32252800,829
chr11,chr11,32270100,32271200,32275000,32275200,1303
chr11,chr11,32049100,32049900,32059300,32059500,561
chr11,chr11,32083800,32084600,32215400,32215600,371
chr11,chr11,32140800,32141200,32145800,32146000,851
chr11,chr11,32277400,32279600,32275000,32275200,1803
chr11,chr11,32133400,32134700,32119100,32119300,873
chr11,chr11,32173000,32173000,32175100,32175300,1477
chr11,chr11,32008700,32008800,32011800,32012000,951
chr11,chr11,32102700,32103200,32083700,32083900,398
chr11,chr11,32101400,32101700,32091100,32091300,710
chr11,chr11,32172600,32172800,32175100,32175300,2871
chr11,chr11,32255600,32255800,32252600,32252800,1061
chr11,chr11,32004300,32004400,32002400,32002600,1620
chr11,chr11,32254000,32255200,32252600,32252800,1723
chr11,chr11,32136400,32137100,32110900,32111100,476
chr11,chr11,32155100,32155300,32151300,32151500,1631
chr11,chr11,32178000,32179000,32175100,32175300,2932
chr11,chr11,32248800,32249200,32252600,32252800,1229
chr11,chr11,32065800,32067200,32091100,32091300,344
chr11,chr11,32176100,32176200,32168900,32169100,171
chr11,chr11,32177100,32177600,32175100,32175300,2544
chr11,chr11,32006400,32007000,32002400,32002600,1392
chr11,chr11,32177600,32177700,32175100,32175300,2964
chr11,chr11,32288500,32289100,32291300,32291500,1755
chr11,chr11,32114000,32114100,32110900,32111100,1630
chr11,chr11,32110500,32110800,32119100,32119300,1046
chr11,chr11,32237200,32238100,32242600,32242800,1462
chr11,chr11,32203400,32203700,32207100,32207300,1681
chr11,chr11,32031400,32031900,32067900,32068100,195
chr11,chr11,32240300,32240700,32242600,32242800,2295
chr11,chr11,32016100,32016200,32019000,32019200,1102
chr11,chr11,32047900,32048300,32042100,32042300,1151
chr11,chr11,32000500,32000600,32002400,32002600,1583
chr11,chr11,32052100,32052600,32067900,32068100,416
chr11,chr11,32065800,32067200,32083700,32083900,271
chr11,chr11,32008400,32008700,32011800,32012000,1425
chr11,chr11,32212800,32213500,32252600,32252800,114
chr11,chr11,32057400,32058300,32051100,32051300,829
chr11,chr11,32206000,32206200,32215400,32215600,884
chr11,chr11,32146900,32148300,32156000,32156200,254
chr11,chr11,32280000,32281200,32275000,32275200,1127
chr11,chr11,32232300,32232400,32236300,32236500,1382
chr11,chr11,32073900,32074100,32027300,32027500,92
chr11,chr11,32015500,32016100,32002400,32002600,404
chr11,chr11,32093800,32094600,32091100,32091300,1893
chr11,chr11,32008000,32008300,32002400,32002600,795
chr11,chr11,32257400,32258000,32252600,32252800,1386
chr11,chr11,32227600,32228600,32110900,32111100,428
chr11,chr11,32112600,32112900,32110900,32111100,2224
chr11,chr11,32138000,32138900,32119100,32119300,881
chr11,chr11,32112900,32113200,32119100,32119300,1306
chr11,chr11,32082100,32082600,32083700,32083900,1254
chr11,chr11,32138900,32139200,32145800,32146000,739
chr11,chr11,32139400,32139700,32119100,32119300,622
chr11,chr11,32257400,32258000,32267200,32267400,683
chr11,chr11,32045200,32045600,32051100,32051300,989
chr11,chr11,32041500,32041600,32036400,32036600,698
chr11,chr11,32109000,32109900,32083700,32083900,287
chr11,chr11,32108600,32108700,32110900,32111100,1792
chr11,chr11,32004900,32005500,32002400,32002600,1486
chr11,chr11,32210000,32210400,32215400,32215600,1684
chr11,chr11,32062900,32063100,32067900,32068100,953
chr11,chr11,32223300,32223500,32215400,32215600,636
chr11,chr11,32018700,32019000,32027300,32027500,918
chr11,chr11,32092500,32093700,32083700,32083900,806
chr11,chr11,32088600,32088800,32091100,32091300,1818
chr11,chr11,32276100,32277400,32267200,32267400,675
chr11,chr11,32064300,32065100,32042100,32042300,212
chr11,chr11,32150100,32150200,32145800,32146000,1029
chr11,chr11,32168600,32169400,32175100,32175300,1592
chr11,chr11,32085000,32085000,32083700,32083900,1393
chr11,chr11,32056400,32057200,32059300,32059500,1349
chr11,chr11,32152500,32152900,32175100,32175300,465
chr11,chr11,32203700,32204300,32119100,32119300,254
chr11,chr11,32095800,32096300,32051100,32051300,165
chr11,chr11,32172100,32172400,32175100,32175300,2109
chr11,chr11,32265000,32265900,32258700,32258900,1138
chr11,chr11,32046000,32047200,32036400,32036600,629
chr11,chr11,32100700,32101100,32091100,32091300,567
chr11,chr11,32284800,32285300,32275000,32275200,736
chr11,chr11,32232500,32232900,32242600,32242800,797
chr11,chr11,32153200,32153500,32151300,32151500,1502
chr11,chr11,32246300,32246500,32252600,32252800,838
chr11,chr11,32296800,32297100,32151300,32151500,32
chr11,chr11,32115100,32115700,32091100,32091300,394
chr11,chr11,32284500,32284800,32275000,32275200,712
chr11,chr11,32219900,32220900,32207100,32207300,554
chr11,chr11,32242300,32242400,32236300,32236500,961
chr11,chr11,32155800,32156300,32175100,32175300,487
chr11,chr11,32295200,32296400,32283600,32283800,191
chr11,chr11,32141200,32141800,32145800,32146000,1110
chr11,chr11,32269200,32270100,32267200,32267400,2003
chr11,chr11,32000600,32002200,32011800,32012000,595
chr11,chr11,32085600,32086300,32242600,32242800,241
chr11,chr11,32093700,32093800,32091100,32091300,1539
chr11,chr11,32122600,32123500,32119100,32119300,2135
chr11,chr11,32107200,32108000,32110900,32111100,1692
chr11,chr11,32106700,32106900,32110900,32111100,1408
chr11,chr11,32141200,32141800,32151300,32151500,673
chr11,chr11,32294800,32295200,32297900,32298100,1456
chr11,chr11,32031200,32031400,32258700,32258900,76
chr11,chr11,32233100,32234000,32242600,32242800,1063
chr11,chr11,32148900,32149600,32145800,32146000,1169
chr11,chr11,32204700,32204900,32207100,32207300,1535
chr11,chr11,32056200,32056400,32059300,32059500,1202
chr11,chr11,32115700,32116400,32145800,32146000,226
chr11,chr11,32148300,32148900,32145800,32146000,1126
chr11,chr11,32105600,32106200,32207100,32207300,226
chr11,chr11,32262600,32262600,32252600,32252800,372
chr11,chr11,32240700,32242000,32252600,32252800,551
chr11,chr11,32239500,32240300,32236300,32236500,1970
chr11,chr11,32224300,32227200,32252600,32252800,208
chr11,chr11,32247900,32248800,32252600,32252800,1073
chr11,chr11,32207900,32208400,32215400,32215600,1280
chr11,chr11,32285300,32286700,32291300,32291500,930
chr11,chr11,32216300,32217200,32207100,32207300,907
chr11,chr11,32177700,32178000,32175100,32175300,2918
chr11,chr11,32205600,32206000,32236300,32236500,237
chr11,chr11,32264600,32264900,32258700,32258900,852
chr11,chr11,32005500,32006400,32002400,32002600,1482
chr11,chr11,32149900,32150100,32175100,32175300,369
