chr1,chr2,start1,end1,start2,end2,count
chr11,chr11,32173300,32173400,32175100,32175300,1229
chr11,chr11,32162200,32162400,32151300,32151500,834
chr11,chr11,32284800,32285300,32267200,32267400,212
chr11,chr11,32260900,32261300,32258700,32258900,1091
chr11,chr11,32218100,32218700,32215400,32215600,1669
chr11,chr11,32262500,32262500,32258700,32258900,765
chr11,chr11,32070400,32070700,32067900,32068100,1848
chr11,chr11,32247500,32247800,32242600,32242800,631
chr11,chr11,32257100,32257400,32252600,32252800,1313
chr11,chr11,32152900,32153200,32151300,32151500,3781
chr11,chr11,32078000,32079200,32083700,32083900,641
chr11,chr11,32158400,32158800,32156000,32156200,710
chr11,chr11,32285300,32286700,32291300,32291500,1283
chr11,chr11,32261300,32261800,32267200,32267400,506
chr11,chr11,32279700,32280000,32283600,32283800,354
chr11,chr11,32219900,32220900,32215400,32215600,1090
chr11,chr11,32172100,32172400,32175100,32175300,1332
chr11,chr11,32098400,32098700,32119100,32119300,178
chr11,chr11,32169400,32169400,32175100,32175300,901
chr11,chr11,32153900,32154000,32156000,32156200,914
chr11,chr11,32013800,32013900,32059300,32059500,54
chr11,chr11,32120800,32121400,32119100,32119300,2226
chr11,chr11,32114600,32115100,32110900,32111100,1230
chr11,chr11,32249200,32251500,32242600,32242800,502
chr11,chr11,32293500,32294100,32291300,32291500,1629
chr11,chr11,32288500,32289100,32297900,32298100,616
chr11,chr11,32169500,32169900,32175100,32175300,1511
chr11,chr11,32146900,32148300,32151300,32151500,2699
chr11,chr11,32238600,32239500,32236300,32236500,2450
chr11,chr11,32149600,32149900,32145800,32146000,2603
chr11,chr11,32206200,32206400,32027300,32027500,47
chr11,chr11,32157200,32157600,32151300,32151500,1667
chr11,chr11,32065100,32065800,32067900,32068100,2362
chr11,chr11,32056200,32056400,32059300,32059500,1211
chr11,chr11,32128400,32128500,32145800,32146000,221
chr11,chr11,32268400,32268800,32252600,32252800,586
chr11,chr11,32188200,32188600,32151300,32151500,739
chr11,chr11,32038900,32039700,32042100,32042300,1143
chr11,chr11,32177700,32178000,32145800,32146000,470
chr11,chr11,32052600,32053200,32059300,32059500,824
chr11,chr11,32045200,32045600,32042100,32042300,1472
chr11,chr11,32082600,32082700,32091100,32091300,256
chr11,chr11,32061900,32062400,32067900,32068100,1131
chr11,chr11,32247900,32248800,32252600,32252800,1166
chr11,chr11,32177100,32177600,32175100,32175300,1701
chr11,chr11,32264900,32265000,32275000,32275200,566
chr11,chr11,32104900,32105500,32110900,32111100,663
chr11,chr11,32245800,32246300,32242600,32242800,1593
chr11,chr11,32082700,32082900,32067900,32068100,378
chr11,chr11,32186400,32187000,32151300,32151500,1226
chr11,chr11,32032700,32033400,32027300,32027500,646
chr11,chr11,32155100,32155300,32151300,32151500,2936
chr11,chr11,32162500,32162700,32151300,32151500,1287
chr11,chr11,32087000,32087300,32091100,32091300,1092
chr11,chr11,32232400,32232500,32236300,32236500,628
chr11,chr11,32040700,32041100,32036400,32036600,894
chr11,chr11,32294300,32294400,32297900,32298100,992
chr11,chr11,32290000,32290200,32258700,32258900,222
chr11,chr11,32044500,32045100,32042100,32042300,1561
chr11,chr11,32093800,32094600,32110900,32111100,225
chr11,chr11,32182900,32183800,32145800,32146000,1271
chr11,chr11,32138900,32139200,32119100,32119300,456
chr11,chr11,32112600,32112900,32119100,32119300,712
chr11,chr11,32212500,32212800,32207100,32207300,1213
chr11,chr11,32293000,32293500,32291300,32291500,2576
chr11,chr11,32117100,32117600,32119100,32119300,2468
chr11,chr11,32141800,32142000,32145800,32146000,1499
chr11,chr11,32172600,32172800,32175100,32175300,2106
chr11,chr11,32098900,32099600,32110900,32111100,299
chr11,chr11,32063300,32063700,32051100,32051300,359
chr11,chr11,32149600,32149900,32156000,32156200,465
chr11,chr11,32219500,32219900,32215400,32215600,1423
chr11,chr11,32294400,32294800,32291300,32291500,1808
chr11,chr11,32293000,32293500,32297900,32298100,1207
chr11,chr11,32016100,32016200,32011800,32012000,972
chr11,chr11,32198200,32199400,32151300,32151500,647
chr11,chr11,32161900,32162000,32151300,32151500,805
chr11,chr11,32060900,32061000,32059300,32059500,1905
chr11,chr11,32110300,32110500,32119100,32119300,657
chr11,chr11,32187000,32187300,32145800,32146000,1091
chr11,chr11,32141200,32141800,32145800,32146000,1539
chr11,chr11,32188900,32189400,32151300,32151500,799
chr11,chr11,32018400,32018700,32027300,32027500,717
chr11,chr11,32121400,32121600,32119100,32119300,1463
chr11,chr11,32013500,32013600,32019000,32019200,825
chr11,chr11,32079400,32079900,32067900,32068100,275
chr11,chr11,32294400,32294800,32297900,32298100,1216
chr11,chr11,32065800,32067200,32091100,32091300,203
chr11,chr11,32196900,32197500,32145800,32146000,1455
chr11,chr11,32168600,32169400,32145800,32146000,935
chr11,chr11,32031400,32031900,32027300,32027500,1147
chr11,chr11,32057200,32057300,32042100,32042300,245
chr11,chr11,32253400,32253700,32258700,32258900,1293
chr11,chr11,32083600,32083600,32091100,32091300,699
chr11,chr11,32235700,32235700,32242600,32242800,305
chr11,chr11,32235000,32235100,32207100,32207300,59
chr11,chr11,32242400,32243000,32151300,32151500,49
chr11,chr11,32230600,32230700,32236300,32236500,918
chr11,chr11,32267100,32267600,32145800,32146000,13
chr11,chr11,32047800,32047900,32051100,32051300,787
chr11,chr11,32009700,32010300,32011800,32012000,2388
chr11,chr11,32159600,32160700,32156000,32156200,819
chr11,chr11,32176200,32176900,32156000,32156200,215
chr11,chr11,32053600,32054600,32036400,32036600,262
chr11,chr11,32270100,32271200,32258700,32258900,576
chr11,chr11,32234000,32234200,32236300,32236500,2063
chr11,chr11,32008700,32008800,32002400,32002600,537
chr11,chr11,32271200,32271600,32275000,32275200,1973
chr11,chr11,32280000,32281200,32275000,32275200,1270
chr11,chr11,32240300,32240700,32242600,32242800,2056
chr11,chr11,32209800,32209800,32207100,32207300,1305
chr11,chr11,32071300,32072600,32067900,32068100,1719
chr11,chr11,32174700,32175100,32236300,32236500,92
chr11,chr11,32004700,32004900,32002400,32002600,1359
chr11,chr11,32101700,32102300,32083700,32083900,366
chr11,chr11,32112900,32113200,32110900,32111100,1952
chr11,chr11,32095600,32095800,32110900,32111100,229
chr11,chr11,32027800,32028600,32042100,32042300,347
chr11,chr11,32148900,32149600,32145800,32146000,2338
chr11,chr11,32100700,32101100,32110900,32111100,258
chr11,chr11,32150600,32151000,32145800,32146000,2349
chr11,chr11,32137100,32137400,32119100,32119300,544
chr11,chr11,32065100,32065800,32051100,32051300,298
chr11,chr11,32261800,32261900,32252600,32252800,427
chr11,chr11,32289100,32289300,32291300,32291500,732
chr11,chr11,32108700,32109000,32110900,32111100,1572
chr11,chr11,32288400,32288500,32283600,32283800,300
chr11,chr11,32162700,32164900,32156000,32156200,732
