chr1,chr2,start1,end1,start2,end2,count
chr11,chr11,32138900,32139200,32145800,32146000,739
chr11,chr11,32040700,32041100,32036400,32036600,1269
chr11,chr11,32289600,32290000,32291300,32291500,1854
chr11,chr11,32262800,32263100,32258700,32258900,1477
chr11,chr11,32148300,32148900,32151300,32151500,1267
chr11,chr11,32007700,32007700,32002400,32002600,471
chr11,chr11,32082100,32082600,32083700,32083900,1254
chr11,chr11,32290900,32291000,32283600,32283800,139
chr11,chr11,32172800,32173000,32175100,32175300,2443
chr11,chr11,32121900,32122000,32119100,32119300,721
chr11,chr11,32177600,32177700,32175100,32175300,2964
chr11,chr11,32153500,32153900,32151300,32151500,1700
chr11,chr11,32082100,32082600,32076800,32077000,416
chr11,chr11,32021200,32023400,32019000,32019200,1228
chr11,chr11,32235100,32235700,32242600,32242800,476
chr11,chr11,32075700,32076600,32067900,32068100,709
chr11,chr11,32209800,32210000,32119100,32119300,234
chr11,chr11,32118000,32118700,32110900,32111100,961
chr11,chr11,32162500,32162700,32145800,32146000,356
chr11,chr11,32297100,32297200,32291300,32291500,963
chr11,chr11,32061900,32062400,32059300,32059500,1169
chr11,chr11,32210000,32210400,32207100,32207300,2110
chr11,chr11,32107200,32108000,32091100,32091300,529
chr11,chr11,32083600,32083600,32091100,32091300,581
chr11,chr11,32087400,32087400,32083700,32083900,849
chr11,chr11,32213500,32214200,32207100,32207300,1147
chr11,chr11,32045600,32045800,32042100,32042300,1600
chr11,chr11,32227600,32228600,32236300,32236500,1157
chr11,chr11,32099600,32099700,32091100,32091300,507
chr11,chr11,32294800,32295200,32291300,32291500,1492
chr11,chr11,32013100,32013500,32002400,32002600,526
chr11,chr11,32027800,32028600,32036400,32036600,718
chr11,chr11,32154000,32155100,32151300,32151500,1724
chr11,chr11,32207900,32208400,32236300,32236500,323
chr11,chr11,32220900,32221700,32215400,32215600,1423
chr11,chr11,32210400,32212500,32215400,32215600,1706
chr11,chr11,32294300,32294400,32291300,32291500,1340
chr11,chr11,32047900,32048300,32051100,32051300,1317
chr11,chr11,32041100,32041500,32051100,32051300,672
chr11,chr11,32177100,32177600,32175100,32175300,2544
chr11,chr11,32070100,32070400,32076800,32077000,345
chr11,chr11,32130300,32130700,32067900,32068100,165
chr11,chr11,32158400,32158800,32156000,32156200,453
chr11,chr11,32204300,32204700,32110900,32111100,314
chr11,chr11,32130200,32130300,32119100,32119300,482
chr11,chr11,32047500,32047800,32051100,32051300,1560
chr11,chr11,32081500,32082100,32067900,32068100,453
chr11,chr11,32023400,32024300,32011800,32012000,421
chr11,chr11,32088600,32088800,32083700,32083900,1044
chr11,chr11,32271200,32271600,32275000,32275200,1951
chr11,chr11,32082900,32083300,32119100,32119300,176
chr11,chr11,32269200,32270100,32291300,32291500,418
chr11,chr11,32253700,32253900,32151300,32151500,57
chr11,chr11,32071300,32072600,32067900,32068100,1571
chr11,chr11,32146900,32148300,32151300,32151500,1780
chr11,chr11,32170700,32172100,32175100,32175300,2247
chr11,chr11,32106200,32106700,32110900,32111100,1441
chr11,chr11,32110100,32110300,32119100,32119300,502
chr11,chr11,32169500,32169900,32175100,32175300,2000
chr11,chr11,32114600,32115100,32242600,32242800,209
chr11,chr11,32033800,32033900,32036400,32036600,1331
chr11,chr11,32200400,32203100,32207100,32207300,1274
chr11,chr11,32232900,32233100,32091100,32091300,210
chr11,chr11,32217400,32217700,32215400,32215600,2303
chr11,chr11,32224300,32227200,32083700,32083900,588
chr11,chr11,32187000,32187300,32215400,32215600,449
chr11,chr11,32218100,32218700,32119100,32119300,563
chr11,chr11,32162200,32162400,32175100,32175300,244
chr11,chr11,32088600,32088800,32091100,32091300,1818
chr11,chr11,32227200,32227300,32215400,32215600,316
chr11,chr11,32011500,32011700,32002400,32002600,504
chr11,chr11,32276100,32277400,32283600,32283800,336
chr11,chr11,32096600,32098100,32091100,32091300,1428
chr11,chr11,32093800,32094600,32059300,32059500,139
chr11,chr11,32156400,32156800,32151300,32151500,1316
chr11,chr11,32112600,32112900,32110900,32111100,2224
chr11,chr11,32266300,32266500,32275000,32275200,788
chr11,chr11,32013500,32013600,32011800,32012000,1996
chr11,chr11,32286700,32288400,32297900,32298100,673
chr11,chr11,32168600,32169400,32175100,32175300,1592
chr11,chr11,32116800,32117100,32119100,32119300,1806
chr11,chr11,32116700,32116800,32110900,32111100,1061
chr11,chr11,32114600,32115100,32110900,32111100,1888
chr11,chr11,32048300,32049000,32051100,32051300,1594
chr11,chr11,32062400,32062900,32059300,32059500,912
chr11,chr11,32262400,32262500,32258700,32258900,1524
chr11,chr11,32054600,32055400,32051100,32051300,1341
chr11,chr11,32205600,32206000,32207100,32207300,2386
chr11,chr11,32098100,32098400,32091100,32091300,708
chr11,chr11,32088000,32088600,32083700,32083900,1199
chr11,chr11,32137400,32137800,32119100,32119300,777
chr11,chr11,32157200,32157600,32151300,32151500,1214
chr11,chr11,32117600,32117600,32119100,32119300,1455
chr11,chr11,32114000,32114100,32110900,32111100,1630
chr11,chr11,32071200,32071300,32067900,32068100,1014
chr11,chr11,32008400,32008700,32002400,32002600,1040
chr11,chr11,32153900,32154000,32151300,32151500,1559
chr11,chr11,32013100,32013500,32011800,32012000,1831
chr11,chr11,32209300,32209500,32215400,32215600,1249
chr11,chr11,32008800,32008900,32011800,32012000,1130
chr11,chr11,32219300,32219400,32083700,32083900,174
chr11,chr11,32291800,32292700,32297900,32298100,1271
chr11,chr11,32004400,32004700,32258700,32258900,65
chr11,chr11,32161600,32161900,32175100,32175300,521
chr11,chr11,32153900,32154000,32145800,32146000,565
chr11,chr11,32172100,32172400,32175100,32175300,2109
chr11,chr11,32238600,32239500,32236300,32236500,2183
chr11,chr11,32108000,32108600,32119100,32119300,947
chr11,chr11,32040700,32041100,32036400,32036600,1269
chr11,chr11,32133400,32134700,32119100,32119300,873
chr11,chr11,32155800,32156300,32151300,32151500,1230
chr11,chr11,32060500,32060900,32067900,32068100,985
chr11,chr11,32222700,32222900,32215400,32215600,726
chr11,chr11,32294100,32294300,32297900,32298100,1266
chr11,chr11,32063100,32063300,32067900,32068100,1049
chr11,chr11,32172400,32172600,32168900,32169100,258
chr11,chr11,32222900,32223300,32215400,32215600,1052
chr11,chr11,32172600,32172800,32175100,32175300,2871
chr11,chr11,32114100,32114600,32091100,32091300,293
chr11,chr11,32173000,32173000,32175100,32175300,1477
chr11,chr11,32108000,32108600,32110900,32111100,2308
chr11,chr11,32293500,32294100,32291300,32291500,1376
chr11,chr11,32158400,32158800,32151300,32151500,943
chr11,chr11,32050500,32050600,32042100,32042300,488
chr11,chr11,32070800,32071200,32059300,32059500,432
chr11,chr11,32099800,32100200,32215400,32215600,265
chr11,chr11,32102300,32102700,32207100,32207300,231
chr11,chr11,32016100,32016200,32019000,32019200,1102
