chr1,chr2,start1,end1,start2,end2,count
chr11,chr11,32112900,32113200,32110900,32111100,2326
chr11,chr11,32260100,32260900,32267200,32267400,940
chr11,chr11,32131300,32131900,32119100,32119300,918
chr11,chr11,32260900,32261300,32258700,32258900,1357
chr11,chr11,32124400,32126000,32119100,32119300,1716
chr11,chr11,32206200,32206400,32215400,32215600,915
chr11,chr11,32055900,32056200,32042100,32042300,425
chr11,chr11,32271200,32271600,32267200,32267400,1328
chr11,chr11,32289600,32290000,32002400,32002600,58
chr11,chr11,32121400,32121600,32119100,32119300,2055
chr11,chr11,32073900,32074100,32076800,32077000,623
chr11,chr11,32291800,32292700,32297900,32298100,1271
chr11,chr11,32266500,32267100,32252600,32252800,356
chr11,chr11,32073800,32073900,32083700,32083900,231
chr11,chr11,32233100,32234000,32242600,32242800,1063
chr11,chr11,32244800,32245800,32242600,32242800,1574
chr11,chr11,32094600,32095100,32083700,32083900,603
chr11,chr11,32033800,32033900,32011800,32012000,143
chr11,chr11,32047200,32047500,32291300,32291500,84
chr11,chr11,32158800,32159200,32145800,32146000,369
chr11,chr11,32169500,32169900,32175100,32175300,2000
chr11,chr11,32172400,32172600,32175100,32175300,1595
chr11,chr11,32071300,32072600,32236300,32236500,275
chr11,chr11,32219400,32219500,32145800,32146000,81
chr11,chr11,32177700,32178000,32175100,32175300,2918
chr11,chr11,32218900,32219300,32215400,32215600,2250
chr11,chr11,32047900,32048300,32242600,32242800,153
chr11,chr11,32216300,32217200,32110900,32111100,434
chr11,chr11,32228600,32230000,32236300,32236500,1429
chr11,chr11,32115700,32116400,32110900,32111100,1582
chr11,chr11,32094600,32095100,32091100,32091300,1414
chr11,chr11,32009700,32010300,32011800,32012000,1793
chr11,chr11,32004700,32004900,32002400,32002600,1636
chr11,chr11,32223500,32223900,32110900,32111100,94
chr11,chr11,32159200,32159500,32151300,32151500,795
chr11,chr11,32026000,32026200,32036400,32036600,476
chr11,chr11,32041600,32042100,32036400,32036600,909
chr11,chr11,32057400,32058300,32067900,32068100,788
chr11,chr11,32136400,32137100,32145800,32146000,520
chr11,chr11,32112900,32113200,32119100,32119300,1306
chr11,chr11,32024300,32026000,32027300,32027500,2018
chr11,chr11,32209500,32209800,32215400,32215600,1497
chr11,chr11,32219500,32219900,32119100,32119300,523
chr11,chr11,32152500,32152900,32145800,32146000,846
chr11,chr11,32114600,32115100,32119100,32119300,1535
chr11,chr11,32137100,32137400,32119100,32119300,655
chr11,chr11,32038000,32038200,32042100,32042300,789
chr11,chr11,32029300,32031100,32027300,32027500,1608
chr11,chr11,32111600,32112600,32091100,32091300,447
chr11,chr11,32060500,32060900,32091100,32091300,245
chr11,chr11,32007700,32007700,32002400,32002600,471
chr11,chr11,32217700,32218100,32207100,32207300,782
chr11,chr11,32021200,32023400,32027300,32027500,1379
chr11,chr11,32051700,32051900,32042100,32042300,570
chr11,chr11,32246900,32247500,32267200,32267400,249
chr11,chr11,32101400,32101700,32091100,32091300,710
chr11,chr11,32238100,32238600,32242600,32242800,1750
chr11,chr11,32126600,32128400,32215400,32215600,382
chr11,chr11,32265900,32266200,32258700,32258900,703
chr11,chr11,32179600,32179800,32175100,32175300,1933
chr11,chr11,32113200,32114000,32119100,32119300,1241
chr11,chr11,32173000,32173300,32175100,32175300,1601
chr11,chr11,32189700,32190700,32175100,32175300,341
chr11,chr11,32063100,32063300,32067900,32068100,1049
chr11,chr11,32296400,32296800,32291300,32291500,1148
chr11,chr11,32004900,32005500,32002400,32002600,1486
chr11,chr11,32269200,32270100,32267200,32267400,2003
chr11,chr11,32203700,32204300,32083700,32083900,139
chr11,chr11,32282300,32283100,32275000,32275200,932
chr11,chr11,32251500,32251600,32252600,32252800,1817
chr11,chr11,32041500,32041600,32067900,32068100,167
chr11,chr11,32117100,32117600,32175100,32175300,112
chr11,chr11,32013700,32013800,32011800,32012000,1971
chr11,chr11,32065100,32065800,32067900,32068100,1933
chr11,chr11,32102300,32102700,32110900,32111100,751
chr11,chr11,32103800,32104500,32091100,32091300,626
chr11,chr11,32232000,32232300,32110900,32111100,219
chr11,chr11,32144100,32144300,32151300,32151500,881
chr11,chr11,32038200,32038900,32042100,32042300,1481
chr11,chr11,32153200,32153500,32151300,32151500,1502
chr11,chr11,32206400,32206600,32215400,32215600,1123
chr11,chr11,32239500,32240300,32242600,32242800,1996
chr11,chr11,32013500,32013600,32011800,32012000,1996
chr11,chr11,32195400,32195800,32119100,32119300,224
chr11,chr11,32045200,32045600,32042100,32042300,1641
chr11,chr11,32139400,32139700,32110900,32111100,361
chr11,chr11,32081500,32082100,32275000,32275200,137
chr11,chr11,32174700,32175100,32119100,32119300,178
chr11,chr11,32065100,32065800,32059300,32059500,896
chr11,chr11,32068400,32068600,32051100,32051300,298
chr11,chr11,32004100,32004300,32002400,32002600,1821
chr11,chr11,32173300,32173400,32175100,32175300,1524
chr11,chr11,32085600,32086300,32083700,32083900,1849
chr11,chr11,32040700,32041100,32042100,32042300,1549
chr11,chr11,32240700,32242000,32083700,32083900,287
chr11,chr11,32266200,32266300,32258700,32258900,671
chr11,chr11,32093800,32094600,32091100,32091300,1893
chr11,chr11,32217200,32217200,32215400,32215600,484
chr11,chr11,32187300,32187800,32156000,32156200,45
chr11,chr11,32114000,32114100,32119100,32119300,944
chr11,chr11,32111600,32112600,32119100,32119300,1164
chr11,chr11,32150600,32151000,32145800,32146000,1269
chr11,chr11,32033900,32034900,32036400,32036600,2011
chr11,chr11,32169900,32170700,32175100,32175300,1896
chr11,chr11,32280000,32281200,32291300,32291500,618
chr11,chr11,32146900,32148300,32151300,32151500,1780
chr11,chr11,32112600,32112900,32110900,32111100,2224
chr11,chr11,32116400,32116700,32119100,32119300,1801
chr11,chr11,32116800,32117100,32215400,32215600,324
chr11,chr11,32204700,32204900,32207100,32207300,1535
chr11,chr11,32000500,32000600,32002400,32002600,1583
chr11,chr11,32232900,32233100,32242600,32242800,548
chr11,chr11,32007500,32007700,32002400,32002600,1219
chr11,chr11,32260900,32261300,32275000,32275200,365
chr11,chr11,32104600,32104900,32110900,32111100,437
chr11,chr11,32000000,32000500,32002400,32002600,1727
chr11,chr11,32217300,32217400,32091100,32091300,225
chr11,chr11,32110500,32110800,32083700,32083900,330
chr11,chr11,32189400,32189700,32175100,32175300,242
chr11,chr11,32279600,32279700,32275000,32275200,1254
chr11,chr11,32203100,32203400,32119100,32119300,450
chr11,chr11,32101700,32102300,32207100,32207300,235
chr11,chr11,32177600,32177700,32175100,32175300,2964
chr11,chr11,32218100,32218700,32215400,32215600,2248
chr11,chr11,32221700,32222200,32215400,32215600,1019
chr11,chr11,32277400,32279600,32275000,32275200,1803
chr11,chr11,32060900,32061000,32067900,32068100,841
chr11,chr11,32198200,32199400,32091100,32091300,155
