chr1,chr2,start1,end1,start2,end2,count
chr11,chr11,32005500,32006400,32011800,32012000,889
chr11,chr11,32262400,32262500,32252600,32252800,640
chr11,chr11,32224300,32227200,32083700,32083900,288
chr11,chr11,32264900,32265000,32258700,32258900,809
chr11,chr11,32155100,32155300,32151300,32151500,2936
chr11,chr11,32086300,32087000,32083700,32083900,1627
chr11,chr11,32112600,32112900,32119100,32119300,712
chr11,chr11,32152500,32152900,32156000,32156200,932
chr11,chr11,32204700,32204900,32215400,32215600,477
chr11,chr11,32012200,32013100,32002400,32002600,335
chr11,chr11,32216300,32217200,32236300,32236500,290
chr11,chr11,32182400,32182900,32151300,32151500,1023
chr11,chr11,32008800,32008900,32011800,32012000,1135
chr11,chr11,32018300,32018400,32011800,32012000,497
chr11,chr11,32015000,32015500,32019000,32019200,850
chr11,chr11,32004700,32004900,32011800,32012000,689
chr11,chr11,32117600,32117700,32119100,32119300,1437
chr11,chr11,32026200,32026500,32019000,32019200,796
chr11,chr11,32004900,32005500,32027300,32027500,299
chr11,chr11,32135100,32135700,32110900,32111100,205
chr11,chr11,32148900,32149600,32151300,32151500,2380
chr11,chr11,32179000,32179600,32151300,32151500,834
chr11,chr11,32182900,32183800,32156000,32156200,269
chr11,chr11,32023400,32024300,32027300,32027500,1485
chr11,chr11,32164900,32165500,32145800,32146000,527
chr11,chr11,32261900,32262300,32252600,32252800,732
chr11,chr11,32207900,32208400,32215400,32215600,838
chr11,chr11,32033800,32033900,32036400,32036600,1338
chr11,chr11,32096300,32096600,32091100,32091300,1090
chr11,chr11,32087000,32087300,32083700,32083900,1800
chr11,chr11,32284500,32284800,32291300,32291500,1021
chr11,chr11,32115100,32115700,32110900,32111100,1220
chr11,chr11,32157600,32158400,32151300,32151500,1963
chr11,chr11,32262800,32263100,32258700,32258900,1512
chr11,chr11,32255800,32255900,32258700,32258900,1243
chr11,chr11,32246900,32247500,32252600,32252800,662
chr11,chr11,32209300,32209500,32207100,32207300,1368
chr11,chr11,32196900,32197500,32258700,32258900,110
chr11,chr11,32222900,32223300,32083700,32083900,287
chr11,chr11,32240700,32242000,32236300,32236500,1444
chr11,chr11,32162000,32162200,32151300,32151500,1183
chr11,chr11,32056400,32057200,32059300,32059500,1238
chr11,chr11,32107200,32108000,32110900,32111100,1330
chr11,chr11,32177100,32177600,32175100,32175300,1701
chr11,chr11,32046000,32047200,32042100,32042300,1571
chr11,chr11,32253900,32254000,32242600,32242800,84
chr11,chr11,32045200,32045600,32067900,32068100,240
chr11,chr11,32165800,32166100,32175100,32175300,571
chr11,chr11,32234000,32234200,32236300,32236500,2063
chr11,chr11,32292700,32292900,32267200,32267400,209
chr11,chr11,32255800,32255900,32252600,32252800,1335
chr11,chr11,32140800,32141200,32145800,32146000,1317
chr11,chr11,32289600,32290000,32297900,32298100,596
chr11,chr11,32026500,32026800,32019000,32019200,715
chr11,chr11,32146500,32146800,32151300,32151500,1788
chr11,chr11,32240300,32240700,32236300,32236500,2084
chr11,chr11,32000000,32000500,32002400,32002600,2292
chr11,chr11,32093700,32093800,32091100,32091300,1505
chr11,chr11,32153500,32153900,32151300,32151500,3514
chr11,chr11,32083800,32084600,32067900,32068100,376
chr11,chr11,32148300,32148900,32145800,32146000,2379
chr11,chr11,32074100,32075500,32067900,32068100,1031
chr11,chr11,32290000,32290200,32258700,32258900,222
chr11,chr11,32270100,32271200,32258700,32258900,576
chr11,chr11,32208400,32209300,32215400,32215600,918
chr11,chr11,32194500,32194900,32215400,32215600,322
chr11,chr11,32126100,32126300,32110900,32111100,236
chr11,chr11,32155100,32155300,32145800,32146000,848
chr11,chr11,32007500,32007700,32002400,32002600,1036
chr11,chr11,32177600,32177700,32175100,32175300,1953
chr11,chr11,32262600,32262600,32252600,32252800,542
chr11,chr11,32146900,32148300,32151300,32151500,2699
chr11,chr11,32282000,32282300,32283600,32283800,657
chr11,chr11,32219500,32219900,32215400,32215600,1423
chr11,chr11,32209500,32209800,32215400,32215600,1117
chr11,chr11,32232500,32232900,32236300,32236500,1653
chr11,chr11,32116400,32116700,32110900,32111100,1189
chr11,chr11,32085000,32085600,32076800,32077000,232
chr11,chr11,32219400,32219500,32067900,32068100,93
chr11,chr11,32212500,32212800,32215400,32215600,2119
chr11,chr11,32294400,32294800,32291300,32291500,1808
chr11,chr11,32187900,32188200,32145800,32146000,504
chr11,chr11,32026000,32026200,32002400,32002600,215
chr11,chr11,32101400,32101700,32091100,32091300,634
chr11,chr11,32105500,32105600,32110900,32111100,832
chr11,chr11,32270100,32271200,32275000,32275200,1514
chr11,chr11,32112900,32113200,32110900,32111100,1952
chr11,chr11,32068400,32068600,32119100,32119300,119
chr11,chr11,32155100,32155300,32151300,32151500,2936
chr11,chr11,32045100,32045200,32067900,32068100,133
chr11,chr11,32042400,32043300,32027300,32027500,292
chr11,chr11,32095800,32096300,32091100,32091300,1224
chr11,chr11,32178000,32179000,32151300,32151500,801
chr11,chr11,32245800,32246300,32242600,32242800,1593
chr11,chr11,32070100,32070400,32067900,32068100,1935
chr11,chr11,32128400,32128500,32145800,32146000,221
chr11,chr11,32007000,32007300,32002400,32002600,940
chr11,chr11,32259600,32259700,32275000,32275200,316
chr11,chr11,32180800,32181300,32175100,32175300,1131
chr11,chr11,32268400,32268800,32252600,32252800,586
chr11,chr11,32255200,32255300,32252600,32252800,941
chr11,chr11,32161600,32161900,32151300,32151500,1456
chr11,chr11,32192600,32192900,32151300,32151500,736
chr11,chr11,32024300,32026000,32019000,32019200,1027
chr11,chr11,32232500,32232900,32242600,32242800,741
chr11,chr11,32033400,32033400,32027300,32027500,159
chr11,chr11,32039700,32040700,32042100,32042300,1030
chr11,chr11,32108700,32109000,32110900,32111100,1572
chr11,chr11,32124200,32124400,32119100,32119300,822
chr11,chr11,32099700,32099800,32110900,32111100,97
chr11,chr11,32285300,32286700,32275000,32275200,598
chr11,chr11,32281200,32281400,32275000,32275200,1190
chr11,chr11,32291000,32291000,32297900,32298100,510
chr11,chr11,32009700,32010300,32011800,32012000,2388
chr11,chr11,32288400,32288500,32291300,32291500,1297
chr11,chr11,32071200,32071300,32083700,32083900,237
chr11,chr11,32152400,32152500,32042100,32042300,44
chr11,chr11,32292900,32293000,32291300,32291500,1909
chr11,chr11,32279700,32280000,32275000,32275200,986
chr11,chr11,32172400,32172600,32175100,32175300,1040
chr11,chr11,32152900,32153200,32156000,32156200,1027
chr11,chr11,32117700,32118000,32110900,32111100,627
chr11,chr11,32289100,32289300,32291300,32291500,732
chr11,chr11,32203400,32203700,32215400,32215600,518
chr11,chr11,32209800,32209800,32207100,32207300,1305
chr11,chr11,32055900,32056200,32059300,32059500,1389
chr11,chr11,32179000,32179600,32175100,32175300,1457
chr11,chr11,32267600,32268300,32258700,32258900,976
