chr1,chr2,start1,end1,start2,end2,count
chr11,chr11,32049100,32049900,32042100,32042300,934
chr11,chr11,32012000,32012200,32027300,32027500,410
chr11,chr11,32031200,32031400,32027300,32027500,1233
chr11,chr11,32240700,32242000,32236300,32236500,1567
chr11,chr11,32216300,32217200,32119100,32119300,612
chr11,chr11,32219400,32219500,32297900,32298100,24
chr11,chr11,32018400,32018700,32027300,32027500,692
chr11,chr11,32169900,32170700,32175100,32175300,1896
chr11,chr11,32008900,32009400,32011800,32012000,1408
chr11,chr11,32228600,32230000,32145800,32146000,127
chr11,chr11,32217300,32217400,32215400,32215600,2134
chr11,chr11,32255200,32255300,32252600,32252800,773
chr11,chr11,32137900,32138000,32110900,32111100,321
chr11,chr11,32167100,32167200,32151300,32151500,277
chr11,chr11,32040700,32041100,32036400,32036600,1269
chr11,chr11,32047900,32048300,32042100,32042300,1151
chr11,chr11,32181300,32182300,32175100,32175300,1755
chr11,chr11,32004400,32004700,32002400,32002600,1629
chr11,chr11,32152900,32153200,32145800,32146000,830
chr11,chr11,32146900,32148300,32151300,32151500,1780
chr11,chr11,32252000,32252600,32258700,32258900,1275
chr11,chr11,32192900,32194500,32145800,32146000,138
chr11,chr11,32114100,32114600,32119100,32119300,1181
chr11,chr11,32194500,32194900,32207100,32207300,222
chr11,chr11,32172800,32173000,32175100,32175300,2443
chr11,chr11,32153200,32153500,32151300,32151500,1502
chr11,chr11,32206700,32207100,32215400,32215600,1290
chr11,chr11,32049900,32050500,32059300,32059500,480
chr11,chr11,32064300,32065100,32042100,32042300,212
chr11,chr11,32115100,32115700,32119100,32119300,1566
chr11,chr11,32165800,32166100,32175100,32175300,544
chr11,chr11,32232000,32232300,32207100,32207300,206
chr11,chr11,32243000,32243100,32258700,32258900,177
chr11,chr11,32045900,32046000,32051100,32051300,453
chr11,chr11,32277400,32279600,32291300,32291500,560
chr11,chr11,32049100,32049100,32051100,32051300,1485
chr11,chr11,32154000,32155100,32151300,32151500,1724
chr11,chr11,32087400,32087900,32051100,32051300,175
chr11,chr11,32130300,32130700,32215400,32215600,432
chr11,chr11,32088800,32090000,32083700,32083900,1242
chr11,chr11,32255900,32256900,32267200,32267400,575
chr11,chr11,32281900,32282000,32275000,32275200,757
chr11,chr11,32176100,32176200,32168900,32169100,171
chr11,chr11,32179600,32179800,32175100,32175300,1933
chr11,chr11,32284500,32284800,32275000,32275200,712
chr11,chr11,32114600,32115100,32110900,32111100,1888
chr11,chr11,32033600,32033800,32036400,32036600,1032
chr11,chr11,32130200,32130300,32207100,32207300,158
chr11,chr11,32264600,32264900,32258700,32258900,852
chr11,chr11,32095800,32096300,32110900,32111100,493
chr11,chr11,32284500,32284800,32275000,32275200,712
chr11,chr11,32200400,32203100,32207100,32207300,1274
chr11,chr11,32081500,32082100,32051100,32051300,211
chr11,chr11,32108600,32108700,32110900,32111100,1792
chr11,chr11,32268400,32268800,32275000,32275200,1429
chr11,chr11,32007800,32007900,32002400,32002600,784
chr11,chr11,32142000,32144100,32145800,32146000,1465
chr11,chr11,32045600,32045800,32042100,32042300,1600
chr11,chr11,32242400,32243000,32151300,32151500,87
chr11,chr11,32290000,32290200,32275000,32275200,388
chr11,chr11,32240700,32242000,32252600,32252800,551
chr11,chr11,32018700,32019000,32067900,32068100,152
chr11,chr11,32217700,32218100,32215400,32215600,2132
chr11,chr11,32215900,32216000,32207100,32207300,628
chr11,chr11,32113200,32114000,32076800,32077000,93
chr11,chr11,32000500,32000600,32002400,32002600,1583
chr11,chr11,32282000,32282300,32252600,32252800,209
chr11,chr11,32268400,32268800,32019000,32019200,82
chr11,chr11,32294400,32294800,32297900,32298100,1343
chr11,chr11,32116800,32117100,32145800,32146000,205
chr11,chr11,32061900,32062400,32067900,32068100,1098
chr11,chr11,32215700,32215800,32067900,32068100,112
chr11,chr11,32033900,32034900,32036400,32036600,2011
chr11,chr11,32265000,32265900,32267200,32267400,1620
chr11,chr11,32177600,32177700,32168900,32169100,246
chr11,chr11,32219900,32220900,32215400,32215600,1448
chr11,chr11,32168300,32168600,32175100,32175300,876
chr11,chr11,32218800,32218900,32215400,32215600,879
chr11,chr11,32053600,32054600,32083700,32083900,173
chr11,chr11,32079900,32080000,32076800,32077000,193
chr11,chr11,32155300,32155800,32145800,32146000,660
chr11,chr11,32038000,32038200,32042100,32042300,789
chr11,chr11,32150100,32150200,32145800,32146000,1029
chr11,chr11,32188200,32188600,32110900,32111100,157
chr11,chr11,32156800,32157200,32151300,32151500,1234
chr11,chr11,32120800,32121400,32110900,32111100,626
chr11,chr11,32088000,32088600,32067900,32068100,368
chr11,chr11,32288500,32289100,32283600,32283800,470
chr11,chr11,32255600,32255800,32258700,32258900,931
chr11,chr11,32061000,32061900,32051100,32051300,601
chr11,chr11,32261900,32262300,32258700,32258900,1659
chr11,chr11,32217300,32217400,32215400,32215600,2134
chr11,chr11,32081500,32082100,32083700,32083900,1307
chr11,chr11,32182900,32183800,32145800,32146000,242
chr11,chr11,32253400,32253700,32258700,32258900,1261
chr11,chr11,32124400,32126000,32119100,32119300,1716
chr11,chr11,32004300,32004400,32011800,32012000,533
chr11,chr11,32031400,32031900,32036400,32036600,978
chr11,chr11,32015500,32016100,32019000,32019200,1021
chr11,chr11,32075700,32076600,32067900,32068100,709
chr11,chr11,32116800,32117100,32110900,32111100,1102
chr11,chr11,32038900,32039700,32042100,32042300,1475
chr11,chr11,32039700,32040700,32036400,32036600,1333
chr11,chr11,32139700,32139800,32119100,32119300,293
chr11,chr11,32153900,32154000,32151300,32151500,1559
chr11,chr11,32213500,32214200,32215400,32215600,2597
chr11,chr11,32177100,32177600,32175100,32175300,2544
chr11,chr11,32139400,32139700,32151300,32151500,533
chr11,chr11,32242000,32242300,32236300,32236500,1193
chr11,chr11,32007800,32007900,32011800,32012000,1022
chr11,chr11,32296400,32296800,32291300,32291500,1148
chr11,chr11,32268800,32269200,32252600,32252800,395
chr11,chr11,32255800,32255900,32267200,32267400,340
chr11,chr11,32173000,32173300,32175100,32175300,1601
chr11,chr11,32054600,32055400,32051100,32051300,1341
chr11,chr11,32169400,32169500,32175100,32175300,684
chr11,chr11,32152400,32152500,32156000,32156200,354
chr11,chr11,32049000,32049100,32067900,32068100,85
chr11,chr11,32246300,32246500,32242600,32242800,1325
chr11,chr11,32298400,32298700,32291300,32291500,856
chr11,chr11,32116400,32116700,32119100,32119300,1801
chr11,chr11,32146500,32146800,32151300,32151500,1423
chr11,chr11,32121400,32121600,32242600,32242800,117
chr11,chr11,32139200,32139400,32145800,32146000,499
chr11,chr11,32115100,32115700,32110900,32111100,1643
chr11,chr11,32251500,32251600,32252600,32252800,1817
chr11,chr11,32203700,32204300,32215400,32215600,599
chr11,chr11,32288500,32289100,32291300,32291500,1755
