chr1,chr2,start1,end1,start2,end2,count
chr11,chr11,32131300,32131900,32145800,32146000,430
chr11,chr11,32262400,32262500,32258700,32258900,1769
chr11,chr11,32293500,32294100,32291300,32291500,1629
chr11,chr11,32045200,32045600,32042100,32042300,1472
chr11,chr11,32293500,32294100,32297900,32298100,815
chr11,chr11,32083800,32084600,32091100,32091300,759
chr11,chr11,32065800,32067200,32083700,32083900,269
chr11,chr11,32156800,32157200,32168900,32169100,314
chr11,chr11,32070400,32070700,32067900,32068100,1848
chr11,chr11,32212500,32212800,32215400,32215600,2119
chr11,chr11,32101200,32101300,32083700,32083900,163
chr11,chr11,32046000,32047200,32042100,32042300,1571
chr11,chr11,32033600,32033800,32027300,32027500,585
chr11,chr11,32209500,32209800,32207100,32207300,1767
chr11,chr11,32038200,32038900,32042100,32042300,1280
chr11,chr11,32262400,32262500,32275000,32275200,623
chr11,chr11,32057400,32058300,32051100,32051300,839
chr11,chr11,32294400,32294800,32297900,32298100,1216
chr11,chr11,32168600,32169400,32151300,32151500,1240
chr11,chr11,32033400,32033600,32051100,32051300,204
chr11,chr11,32108000,32108600,32110900,32111100,1765
chr11,chr11,32271200,32271600,32291300,32291500,383
chr11,chr11,32053500,32053600,32042100,32042300,487
chr11,chr11,32040700,32041100,32036400,32036600,894
chr11,chr11,32002700,32002800,32011800,32012000,384
chr11,chr11,32081200,32081500,32083700,32083900,1195
chr11,chr11,32294100,32294300,32297900,32298100,1003
chr11,chr11,32246500,32246900,32242600,32242800,1331
chr11,chr11,32286700,32286700,32283600,32283800,119
chr11,chr11,32191200,32192000,32151300,32151500,723
chr11,chr11,32080000,32080100,32083700,32083900,281
chr11,chr11,32192200,32192600,32151300,32151500,798
chr11,chr11,32153500,32153900,32156000,32156200,1059
chr11,chr11,32118000,32118700,32091100,32091300,244
chr11,chr11,32279600,32279700,32275000,32275200,1186
chr11,chr11,32038000,32038200,32027300,32027500,360
chr11,chr11,32081500,32082100,32067900,32068100,458
chr11,chr11,32033400,32033600,32036400,32036600,1395
chr11,chr11,32046000,32047200,32042100,32042300,1571
chr11,chr11,32117100,32117600,32119100,32119300,2468
chr11,chr11,32223900,32224300,32215400,32215600,480
chr11,chr11,32065800,32067200,32059300,32059500,488
chr11,chr11,32219900,32220900,32145800,32146000,227
chr11,chr11,32274600,32274900,32267200,32267400,566
chr11,chr11,32270100,32271200,32242600,32242800,206
chr11,chr11,32262600,32262600,32258700,32258900,1615
chr11,chr11,32007900,32008000,32011800,32012000,1218
chr11,chr11,32182400,32182900,32168900,32169100,500
chr11,chr11,32217300,32217400,32215400,32215600,1998
chr11,chr11,32288400,32288500,32297900,32298100,357
chr11,chr11,32154000,32155100,32145800,32146000,1084
chr11,chr11,32004100,32004300,32002400,32002600,2137
chr11,chr11,32242000,32242300,32258700,32258900,266
chr11,chr11,32293000,32293500,32297900,32298100,1207
chr11,chr11,32213500,32214200,32215400,32215600,2038
chr11,chr11,32194500,32194900,32145800,32146000,960
chr11,chr11,32137900,32138000,32110900,32111100,278
chr11,chr11,32294400,32294800,32291300,32291500,1808
chr11,chr11,32244800,32245800,32242600,32242800,1486
chr11,chr11,32046000,32047200,32051100,32051300,1291
chr11,chr11,32056400,32057200,32051100,32051300,937
chr11,chr11,32155800,32156300,32151300,32151500,2893
chr11,chr11,32146900,32148300,32151300,32151500,2699
chr11,chr11,32146500,32146800,32151300,32151500,1788
chr11,chr11,32138900,32139200,32151300,32151500,539
chr11,chr11,32184700,32184700,32175100,32175300,443
chr11,chr11,32265000,32265900,32252600,32252800,580
chr11,chr11,32141200,32141800,32151300,32151500,724
chr11,chr11,32071300,32072600,32083700,32083900,451
chr11,chr11,32142000,32144100,32145800,32146000,2162
chr11,chr11,32049000,32049100,32042100,32042300,349
chr11,chr11,32257400,32258000,32275000,32275200,545
chr11,chr11,32208400,32209300,32207100,32207300,1895
chr11,chr11,32183800,32184100,32297900,32298100,56
chr11,chr11,32262700,32262800,32275000,32275200,566
chr11,chr11,32140800,32141200,32145800,32146000,1317
chr11,chr11,32235000,32235100,32242600,32242800,331
chr11,chr11,32100700,32101100,32091100,32091300,458
chr11,chr11,32295200,32295200,32291300,32291500,1077
chr11,chr11,32013600,32013600,32019000,32019200,326
chr11,chr11,32179000,32179600,32151300,32151500,834
chr11,chr11,32257100,32257400,32252600,32252800,1313
chr11,chr11,32282300,32283100,32275000,32275200,1159
chr11,chr11,32024300,32026000,32027300,32027500,2181
chr11,chr11,32011500,32011700,32002400,32002600,474
chr11,chr11,32187900,32188200,32151300,32151500,546
chr11,chr11,32002800,32003700,32011800,32012000,433
chr11,chr11,32210000,32210400,32215400,32215600,1223
chr11,chr11,32009700,32010300,32011800,32012000,2388
chr11,chr11,32169400,32169400,32151300,32151500,375
chr11,chr11,32277400,32279600,32275000,32275200,1993
chr11,chr11,32159500,32159600,32151300,32151500,793
chr11,chr11,32168300,32168600,32151300,32151500,1127
chr11,chr11,32008900,32009400,32011800,32012000,1374
chr11,chr11,32153200,32153500,32156000,32156200,828
chr11,chr11,32207900,32208400,32236300,32236500,242
chr11,chr11,32255900,32256900,32252600,32252800,1447
chr11,chr11,32116800,32117100,32119100,32119300,1461
chr11,chr11,32148900,32149600,32145800,32146000,2338
chr11,chr11,32031100,32031200,32019000,32019200,272
chr11,chr11,32004300,32004400,32002400,32002600,1626
chr11,chr11,32009400,32009700,32011800,32012000,1244
chr11,chr11,32172400,32172600,32168900,32169100,290
chr11,chr11,32266200,32266300,32252600,32252800,419
chr11,chr11,32007300,32007500,32002400,32002600,646
chr11,chr11,32149600,32149900,32151300,32151500,2880
chr11,chr11,32013700,32013800,32011800,32012000,1604
chr11,chr11,32240300,32240700,32236300,32236500,2084
chr11,chr11,32095600,32095800,32091100,32091300,1007
chr11,chr11,32218100,32218700,32215400,32215600,1669
chr11,chr11,32297100,32297200,32291300,32291500,1135
chr11,chr11,32126000,32126100,32119100,32119300,593
chr11,chr11,32104600,32104900,32242600,32242800,64
chr11,chr11,32215700,32215800,32258700,32258900,60
chr11,chr11,32292900,32293000,32291300,32291500,1909
chr11,chr11,32062400,32062900,32083700,32083900,264
chr11,chr11,32192600,32192900,32145800,32146000,759
chr11,chr11,32086300,32087000,32091100,32091300,953
chr11,chr11,32106700,32106900,32119100,32119300,545
chr11,chr11,32153500,32153900,32151300,32151500,3514
chr11,chr11,32251500,32251600,32258700,32258900,619
chr11,chr11,32253700,32253900,32258700,32258900,1220
chr11,chr11,32070100,32070400,32067900,32068100,1935
chr11,chr11,32275400,32276100,32258700,32258900,547
chr11,chr11,32018400,32018700,32027300,32027500,717
chr11,chr11,32262600,32262600,32267200,32267400,724
chr11,chr11,32085600,32086300,32083700,32083900,2167
chr11,chr11,32068300,32068400,32042100,32042300,130
