chr1,chr2,start1,end1,start2,end2,count
chr11,chr11,32033900,32034900,32036400,32036600,1858
chr11,chr11,32265000,32265900,32275000,32275200,792
chr11,chr11,32262600,32262600,32291300,32291500,205
chr11,chr11,32152500,32152900,32145800,32146000,1056
chr11,chr11,32195800,32196600,32168900,32169100,362
chr11,chr11,32166800,32167100,32175100,32175300,600
chr11,chr11,32093700,32093800,32091100,32091300,1505
chr11,chr11,32007800,32007900,32011800,32012000,1062
chr11,chr11,32159200,32159500,32151300,32151500,1508
chr11,chr11,32260900,32261300,32258700,32258900,1091
chr11,chr11,32234000,32234200,32236300,32236500,2063
chr11,chr11,32263100,32264600,32258700,32258900,946
chr11,chr11,32298400,32298700,32267200,32267400,147
chr11,chr11,32271600,32274600,32267200,32267400,776
chr11,chr11,32070000,32070100,32067900,32068100,1441
chr11,chr11,32230700,32232000,32236300,32236500,1222
chr11,chr11,32179800,32180800,32168900,32169100,505
chr11,chr11,32126000,32126100,32042100,32042300,42
chr11,chr11,32114100,32114600,32083700,32083900,163
chr11,chr11,32108000,32108600,32119100,32119300,708
chr11,chr11,32292700,32292900,32297900,32298100,967
chr11,chr11,32167200,32167500,32168900,32169100,841
chr11,chr11,32255800,32255900,32252600,32252800,1335
chr11,chr11,32288500,32289100,32291300,32291500,2069
chr11,chr11,32093800,32094600,32091100,32091300,1927
chr11,chr11,32162700,32164900,32151300,32151500,1791
chr11,chr11,32218900,32219300,32297900,32298100,70
chr11,chr11,32150600,32151000,32145800,32146000,2349
chr11,chr11,32162000,32162200,32151300,32151500,1183
chr11,chr11,32116800,32117100,32119100,32119300,1461
chr11,chr11,32095600,32095800,32091100,32091300,1007
chr11,chr11,32009700,32010300,32002400,32002600,792
chr11,chr11,32098400,32098700,32091100,32091300,685
chr11,chr11,32204700,32204900,32215400,32215600,477
chr11,chr11,32082600,32082700,32215400,32215600,79
chr11,chr11,32013800,32013900,32011800,32012000,997
chr11,chr11,32221700,32222200,32242600,32242800,305
chr11,chr11,32204900,32205600,32207100,32207300,1513
chr11,chr11,32151000,32151800,32168900,32169100,429
chr11,chr11,32232500,32232900,32242600,32242800,741
chr11,chr11,32146500,32146800,32151300,32151500,1788
chr11,chr11,32165500,32165800,32151300,32151500,1253
chr11,chr11,32215900,32216000,32207100,32207300,452
chr11,chr11,32277400,32279600,32275000,32275200,1993
chr11,chr11,32177100,32177600,32175100,32175300,1701
chr11,chr11,32184100,32184700,32151300,32151500,1630
chr11,chr11,32233100,32234000,32242600,32242800,920
chr11,chr11,32206400,32206600,32215400,32215600,749
chr11,chr11,32150200,32150600,32145800,32146000,2502
chr11,chr11,32279700,32280000,32275000,32275200,986
chr11,chr11,32155100,32155300,32151300,32151500,2936
chr11,chr11,32168300,32168600,32151300,32151500,1127
chr11,chr11,32084600,32084700,32215400,32215600,113
chr11,chr11,32282000,32282300,32291300,32291500,646
chr11,chr11,32157600,32158400,32151300,32151500,1963
chr11,chr11,32155300,32155800,32151300,32151500,3284
chr11,chr11,32223300,32223500,32242600,32242800,239
chr11,chr11,32013500,32013600,32011800,32012000,1730
chr11,chr11,32100200,32100700,32207100,32207300,62
chr11,chr11,32027800,32028600,32011800,32012000,456
chr11,chr11,32199400,32200100,32175100,32175300,360
chr11,chr11,32029300,32031100,32027300,32027500,1367
chr11,chr11,32126100,32126300,32119100,32119300,704
chr11,chr11,32031200,32031400,32027300,32027500,1200
chr11,chr11,32096300,32096600,32091100,32091300,1090
chr11,chr11,32139200,32139400,32175100,32175300,142
chr11,chr11,32021200,32023400,32011800,32012000,628
chr11,chr11,32268800,32269200,32275000,32275200,1490
chr11,chr11,32120800,32121400,32119100,32119300,2226
chr11,chr11,32094600,32095100,32091100,32091300,1425
chr11,chr11,32059800,32060000,32067900,32068100,480
chr11,chr11,32123500,32124200,32083700,32083900,183
chr11,chr11,32288400,32288500,32291300,32291500,1297
chr11,chr11,32240300,32240700,32236300,32236500,2084
chr11,chr11,32299800,32299900,32297900,32298100,880
chr11,chr11,32059800,32060000,32051100,32051300,356
chr11,chr11,32062400,32062900,32067900,32068100,1286
chr11,chr11,32168600,32169400,32175100,32175300,1437
chr11,chr11,32283800,32284500,32258700,32258900,203
chr11,chr11,32289300,32289600,32291300,32291500,2124
chr11,chr11,32045600,32045800,32042100,32042300,1533
chr11,chr11,32070800,32071200,32067900,32068100,2096
chr11,chr11,32262500,32262500,32252600,32252800,219
chr11,chr11,32266300,32266500,32258700,32258900,702
chr11,chr11,32262600,32262600,32258700,32258900,1615
chr11,chr11,32061000,32061900,32051100,32051300,492
chr11,chr11,32188600,32188800,32145800,32146000,772
chr11,chr11,32135900,32136400,32145800,32146000,556
chr11,chr11,32297100,32297200,32291300,32291500,1135
chr11,chr11,32257400,32258000,32291300,32291500,232
chr11,chr11,32245800,32246300,32242600,32242800,1593
chr11,chr11,32208400,32209300,32242600,32242800,189
chr11,chr11,32294800,32295200,32291300,32291500,1590
chr11,chr11,32074100,32075500,32067900,32068100,1031
chr11,chr11,32153500,32153900,32151300,32151500,3514
chr11,chr11,32177600,32177700,32168900,32169100,278
chr11,chr11,32277400,32279600,32275000,32275200,1993
chr11,chr11,32286700,32288400,32275000,32275200,683
chr11,chr11,32035100,32035300,32011800,32012000,244
chr11,chr11,32116700,32116800,32110900,32111100,855
chr11,chr11,32295200,32296400,32297900,32298100,1629
chr11,chr11,32152900,32153200,32151300,32151500,3781
chr11,chr11,32169900,32170700,32175100,32175300,1178
chr11,chr11,32124400,32126000,32119100,32119300,1054
chr11,chr11,32281200,32281400,32275000,32275200,1190
chr11,chr11,32252000,32252600,32258700,32258900,1169
chr11,chr11,32011500,32011700,32002400,32002600,474
chr11,chr11,32076600,32077000,32083700,32083900,365
chr11,chr11,32114600,32115100,32083700,32083900,213
chr11,chr11,32065100,32065800,32067900,32068100,2362
chr11,chr11,32000000,32000500,32002400,32002600,2292
chr11,chr11,32138000,32138900,32151300,32151500,604
chr11,chr11,32117600,32117700,32119100,32119300,1437
chr11,chr11,32196600,32196900,32151300,32151500,1510
chr11,chr11,32007700,32007800,32011800,32012000,749
chr11,chr11,32279700,32280000,32291300,32291500,410
chr11,chr11,32108700,32109000,32119100,32119300,539
chr11,chr11,32263100,32264600,32236300,32236500,133
chr11,chr11,32013900,32015000,32011800,32012000,1890
chr11,chr11,32106200,32106700,32083700,32083900,221
chr11,chr11,32174200,32174700,32168900,32169100,398
chr11,chr11,32247500,32247800,32252600,32252800,536
chr11,chr11,32153900,32154000,32151300,32151500,2935
chr11,chr11,32055400,32055900,32059300,32059500,756
chr11,chr11,32261900,32262300,32267200,32267400,753
chr11,chr11,32207200,32207700,32145800,32146000,226
chr11,chr11,32123500,32124200,32119100,32119300,1109
chr11,chr11,32135700,32135900,32145800,32146000,385
