chr1,chr2,start1,end1,start2,end2,count
chr11,chr11,32218100,32218700,32215400,32215600,1669
chr11,chr11,32024300,32026000,32027300,32027500,2181
chr11,chr11,32095100,32095600,32076800,32077000,138
chr11,chr11,32262800,32263100,32258700,32258900,1512
chr11,chr11,32268400,32268800,32258700,32258900,1038
chr11,chr11,32133000,32133400,32291300,32291500,34
chr11,chr11,32114100,32114600,32145800,32146000,190
chr11,chr11,32072700,32073800,32083700,32083900,186
chr11,chr11,32246500,32246900,32258700,32258900,435
chr11,chr11,32013700,32013800,32011800,32012000,1604
chr11,chr11,32009700,32010300,32011800,32012000,2388
chr11,chr11,32011500,32011700,32002400,32002600,474
chr11,chr11,32277400,32279600,32291300,32291500,536
chr11,chr11,32009400,32009700,32011800,32012000,1244
chr11,chr11,32057200,32057300,32059300,32059500,921
chr11,chr11,32289300,32289600,32291300,32291500,2124
chr11,chr11,32204700,32204900,32207100,32207300,1315
chr11,chr11,32203100,32203400,32145800,32146000,297
chr11,chr11,32217300,32217400,32215400,32215600,1998
chr11,chr11,32068400,32068600,32076800,32077000,360
chr11,chr11,32141800,32142000,32145800,32146000,1499
chr11,chr11,32155100,32155300,32145800,32146000,848
chr11,chr11,32219900,32220900,32175100,32175300,195
chr11,chr11,32153900,32154000,32156000,32156200,914
chr11,chr11,32276100,32277400,32252600,32252800,335
chr11,chr11,32027800,32028600,32019000,32019200,596
chr11,chr11,32258000,32258000,32252600,32252800,645
chr11,chr11,32290000,32290200,32242600,32242800,152
chr11,chr11,32015500,32016100,32027300,32027500,466
chr11,chr11,32084800,32085000,32091100,32091300,733
chr11,chr11,32131900,32132700,32119100,32119300,488
chr11,chr11,32087400,32087900,32091100,32091300,1238
chr11,chr11,32234000,32234200,32236300,32236500,2063
chr11,chr11,32128500,32128700,32119100,32119300,517
chr11,chr11,32150100,32150200,32145800,32146000,1537
chr11,chr11,32183800,32184100,32151300,32151500,1514
chr11,chr11,32113200,32114000,32110900,32111100,1791
chr11,chr11,32047500,32047800,32267200,32267400,33
chr11,chr11,32280000,32281200,32275000,32275200,1270
chr11,chr11,32176000,32176100,32067900,32068100,94
chr11,chr11,32131300,32131900,32119100,32119300,570
chr11,chr11,32189400,32189700,32151300,32151500,702
chr11,chr11,32075500,32075700,32076800,32077000,769
chr11,chr11,32286700,32288400,32291300,32291500,1840
chr11,chr11,32007900,32008000,32002400,32002600,764
chr11,chr11,32049000,32049100,32051100,32051300,652
chr11,chr11,32232000,32232300,32236300,32236500,1312
chr11,chr11,32261900,32262300,32252600,32252800,732
chr11,chr11,32187300,32187800,32145800,32146000,997
chr11,chr11,32173300,32173400,32175100,32175300,1229
chr11,chr11,32168300,32168600,32175100,32175300,1151
chr11,chr11,32207900,32208400,32215400,32215600,838
chr11,chr11,32126100,32126300,32119100,32119300,704
chr11,chr11,32149900,32149900,32156000,32156200,151
chr11,chr11,32269200,32270100,32275000,32275200,1951
chr11,chr11,32081200,32081500,32083700,32083900,1195
chr11,chr11,32000500,32000600,32002400,32002600,1920
chr11,chr11,32068400,32068600,32059300,32059500,459
chr11,chr11,32148300,32148900,32151300,32151500,1978
chr11,chr11,32172400,32172600,32175100,32175300,1040
chr11,chr11,32188200,32188600,32151300,32151500,739
chr11,chr11,32284500,32284800,32297900,32298100,388
chr11,chr11,32159200,32159500,32151300,32151500,1508
chr11,chr11,32126000,32126100,32119100,32119300,593
chr11,chr11,32028600,32029300,32036400,32036600,491
chr11,chr11,32219300,32219400,32215400,32215600,1054
chr11,chr11,32060000,32060400,32083700,32083900,202
chr11,chr11,32063300,32063700,32059300,32059500,733
chr11,chr11,32222200,32222700,32215400,32215600,552
chr11,chr11,32057400,32058300,32067900,32068100,696
chr11,chr11,32126300,32126600,32083700,32083900,124
chr11,chr11,32106900,32107200,32119100,32119300,573
chr11,chr11,32268300,32268400,32275000,32275200,833
chr11,chr11,32212800,32213500,32215400,32215600,1741
chr11,chr11,32294300,32294400,32291300,32291500,1686
chr11,chr11,32239500,32240300,32242600,32242800,1775
chr11,chr11,32102300,32102700,32145800,32146000,134
chr11,chr11,32172600,32172800,32145800,32146000,416
chr11,chr11,32020200,32021200,32027300,32027500,636
chr11,chr11,32294300,32294400,32275000,32275200,285
chr11,chr11,32122600,32123500,32119100,32119300,1277
chr11,chr11,32221700,32222200,32236300,32236500,369
chr11,chr11,32233100,32234000,32236300,32236500,2032
chr11,chr11,32179000,32179600,32175100,32175300,1457
chr11,chr11,32031900,32032700,32027300,32027500,821
chr11,chr11,32148300,32148900,32145800,32146000,2379
chr11,chr11,32268800,32269200,32275000,32275200,1490
chr11,chr11,32059600,32059800,32067900,32068100,638
chr11,chr11,32003700,32004100,32019000,32019200,241
chr11,chr11,32173800,32174200,32156000,32156200,116
chr11,chr11,32120800,32121400,32119100,32119300,2226
chr11,chr11,32266300,32266500,32291300,32291500,251
chr11,chr11,32292900,32293000,32291300,32291500,1909
chr11,chr11,32004400,32004700,32002400,32002600,1588
chr11,chr11,32298700,32299800,32291300,32291500,771
chr11,chr11,32294400,32294800,32275000,32275200,440
chr11,chr11,32000000,32000500,32002400,32002600,2292
chr11,chr11,32074100,32075500,32175100,32175300,107
chr11,chr11,32290900,32291000,32283600,32283800,168
chr11,chr11,32018100,32018300,32011800,32012000,852
chr11,chr11,32168600,32169400,32145800,32146000,935
chr11,chr11,32146500,32146800,32151300,32151500,1788
chr11,chr11,32045200,32045600,32051100,32051300,823
chr11,chr11,32283800,32284500,32275000,32275200,584
chr11,chr11,32115700,32116400,32110900,32111100,1035
chr11,chr11,32056400,32057200,32051100,32051300,937
chr11,chr11,32018100,32018300,32002400,32002600,313
chr11,chr11,32259600,32259700,32252600,32252800,587
chr11,chr11,32230600,32230700,32236300,32236500,918
chr11,chr11,32180800,32181300,32168900,32169100,589
chr11,chr11,32187800,32187900,32151300,32151500,469
chr11,chr11,32038000,32038200,32027300,32027500,360
chr11,chr11,32029300,32031100,32027300,32027500,1367
chr11,chr11,32264900,32265000,32267200,32267400,944
chr11,chr11,32252800,32252900,32258700,32258900,1009
chr11,chr11,32160700,32161300,32151300,32151500,1508
chr11,chr11,32177700,32178000,32175100,32175300,1787
chr11,chr11,32117600,32117700,32119100,32119300,1437
chr11,chr11,32204300,32204700,32207100,32207300,1293
chr11,chr11,32087000,32087300,32083700,32083900,1800
chr11,chr11,32033900,32034900,32036400,32036600,1858
chr11,chr11,32169900,32170700,32145800,32146000,677
chr11,chr11,32056200,32056400,32051100,32051300,840
chr11,chr11,32039700,32040700,32042100,32042300,1030
chr11,chr11,32153900,32154000,32145800,32146000,700
chr11,chr11,32284500,32284800,32275000,32275200,708
chr11,chr11,32265900,32266200,32252600,32252800,391
chr11,chr11,32047900,32048300,32051100,32051300,1329
