chr1,chr2,start1,end1,start2,end2,count
chr11,chr11,32282000,32282300,32291300,32291500,646
chr11,chr11,32070400,32070700,32067900,32068100,1848
chr11,chr11,32251500,32251600,32242600,32242800,340
chr11,chr11,32082100,32082600,32083700,32083900,1509
chr11,chr11,32099800,32100200,32110900,32111100,331
chr11,chr11,32185200,32185900,32151300,32151500,1120
chr11,chr11,32040700,32041100,32036400,32036600,894
chr11,chr11,32166800,32167100,32151300,32151500,1005
chr11,chr11,32007900,32008000,32002400,32002600,764
chr11,chr11,32265000,32265900,32275000,32275200,792
chr11,chr11,32062900,32063100,32067900,32068100,948
chr11,chr11,32206200,32206400,32215400,32215600,637
chr11,chr11,32155100,32155300,32151300,32151500,2936
chr11,chr11,32055900,32056200,32051100,32051300,1007
chr11,chr11,32038900,32039700,32036400,32036600,1062
chr11,chr11,32002700,32002800,32011800,32012000,384
chr11,chr11,32146900,32148300,32151300,32151500,2699
chr11,chr11,32112600,32112900,32119100,32119300,712
chr11,chr11,32013500,32013600,32011800,32012000,1730
chr11,chr11,32033400,32033400,32036400,32036600,474
chr11,chr11,32294800,32295200,32291300,32291500,1590
chr11,chr11,32153500,32153900,32151300,32151500,3514
chr11,chr11,32070100,32070400,32067900,32068100,1935
chr11,chr11,32009400,32009700,32011800,32012000,1244
chr11,chr11,32148300,32148900,32145800,32146000,2379
chr11,chr11,32295200,32296400,32291300,32291500,1620
chr11,chr11,32218100,32218700,32215400,32215600,1669
chr11,chr11,32295200,32295200,32297900,32298100,952
chr11,chr11,32293000,32293500,32291300,32291500,2576
chr11,chr11,32284800,32285300,32258700,32258900,310
chr11,chr11,32037100,32038000,32027300,32027500,410
chr11,chr11,32077000,32078000,32083700,32083900,498
chr11,chr11,32045200,32045600,32019000,32019200,121
chr11,chr11,32071300,32072600,32067900,32068100,1719
chr11,chr11,32096600,32098100,32091100,32091300,1198
chr11,chr11,32141200,32141800,32151300,32151500,724
chr11,chr11,32018300,32018400,32011800,32012000,497
chr11,chr11,32206200,32206400,32145800,32146000,182
chr11,chr11,32013900,32015000,32051100,32051300,172
chr11,chr11,32169900,32170700,32151300,32151500,950
chr11,chr11,32100200,32100700,32145800,32146000,101
chr11,chr11,32173300,32173400,32175100,32175300,1229
chr11,chr11,32204900,32205600,32207100,32207300,1513
chr11,chr11,32175300,32175500,32215400,32215600,145
chr11,chr11,32252000,32252600,32258700,32258900,1169
chr11,chr11,32159600,32160700,32156000,32156200,819
chr11,chr11,32177100,32177600,32175100,32175300,1701
chr11,chr11,32055400,32055900,32051100,32051300,697
chr11,chr11,32052600,32053200,32059300,32059500,824
chr11,chr11,32292700,32292900,32297900,32298100,967
chr11,chr11,32264600,32264900,32267200,32267400,671
chr11,chr11,32179000,32179600,32175100,32175300,1457
chr11,chr11,32176900,32177100,32151300,32151500,421
chr11,chr11,32011300,32011500,32019000,32019200,335
chr11,chr11,32155800,32156300,32151300,32151500,2893
chr11,chr11,32217200,32217300,32207100,32207300,358
chr11,chr11,32198000,32198200,32207100,32207300,438
chr11,chr11,32085600,32086300,32175100,32175300,148
chr11,chr11,32181300,32182300,32145800,32146000,871
chr11,chr11,32053600,32054600,32091100,32091300,161
chr11,chr11,32018700,32019000,32011800,32012000,948
chr11,chr11,32243100,32244800,32252600,32252800,448
chr11,chr11,32219900,32220900,32215400,32215600,1090
chr11,chr11,32153900,32154000,32151300,32151500,2935
chr11,chr11,32139800,32140700,32145800,32146000,1247
chr11,chr11,32240300,32240700,32242600,32242800,2056
chr11,chr11,32070700,32070800,32067900,32068100,1224
chr11,chr11,32009700,32010300,32036400,32036600,244
chr11,chr11,32282300,32283100,32291300,32291500,771
chr11,chr11,32299800,32299900,32297900,32298100,880
chr11,chr11,32288400,32288500,32291300,32291500,1297
chr11,chr11,32155800,32156300,32151300,32151500,2893
chr11,chr11,32081200,32081500,32083700,32083900,1195
chr11,chr11,32057400,32058300,32067900,32068100,696
chr11,chr11,32149600,32149900,32151300,32151500,2880
chr11,chr11,32166100,32166800,32151300,32151500,1489
chr11,chr11,32155800,32156300,32145800,32146000,1094
chr11,chr11,32108000,32108600,32110900,32111100,1765
chr11,chr11,32150100,32150200,32175100,32175300,164
chr11,chr11,32265000,32265900,32291300,32291500,328
chr11,chr11,32004100,32004300,32002400,32002600,2137
chr11,chr11,32239500,32240300,32236300,32236500,2072
chr11,chr11,32276100,32277400,32236300,32236500,182
chr11,chr11,32209500,32209800,32215400,32215600,1117
chr11,chr11,32251500,32251600,32252600,32252800,1880
chr11,chr11,32101300,32101400,32051100,32051300,13
chr11,chr11,32255900,32256900,32291300,32291500,245
chr11,chr11,32095100,32095600,32091100,32091300,1428
chr11,chr11,32052100,32052600,32042100,32042300,648
chr11,chr11,32152900,32153200,32151300,32151500,3781
chr11,chr11,32258000,32258000,32252600,32252800,645
chr11,chr11,32160700,32161300,32110900,32111100,143
chr11,chr11,32262400,32262500,32275000,32275200,623
chr11,chr11,32238600,32239500,32236300,32236500,2450
chr11,chr11,32041500,32041600,32036400,32036600,516
chr11,chr11,32090000,32090400,32083700,32083900,783
chr11,chr11,32220900,32221700,32215400,32215600,969
chr11,chr11,32167200,32167500,32145800,32146000,673
chr11,chr11,32222700,32222900,32083700,32083900,214
chr11,chr11,32267600,32268300,32275000,32275200,1266
chr11,chr11,32217300,32217400,32215400,32215600,1998
chr11,chr11,32103200,32103800,32175100,32175300,133
chr11,chr11,32207900,32208400,32215400,32215600,838
chr11,chr11,32047800,32047900,32042100,32042300,656
chr11,chr11,32150600,32151000,32145800,32146000,2349
chr11,chr11,32053500,32053600,32051100,32051300,1409
chr11,chr11,32257000,32257100,32252600,32252800,1035
chr11,chr11,32150200,32150600,32145800,32146000,2502
chr11,chr11,32021200,32023400,32019000,32019200,1477
chr11,chr11,32232400,32232500,32236300,32236500,628
chr11,chr11,32177100,32177600,32175100,32175300,1701
chr11,chr11,32141200,32141800,32145800,32146000,1539
chr11,chr11,32245800,32246300,32242600,32242800,1593
chr11,chr11,32172600,32172800,32175100,32175300,2106
chr11,chr11,32086300,32087000,32091100,32091300,953
chr11,chr11,32032700,32033400,32036400,32036600,1087
chr11,chr11,32230600,32230700,32236300,32236500,918
chr11,chr11,32000500,32000600,32002400,32002600,1920
chr11,chr11,32220900,32221700,32252600,32252800,166
chr11,chr11,32157600,32158400,32083700,32083900,156
chr11,chr11,32254000,32255200,32258700,32258900,1430
chr11,chr11,32152500,32152900,32145800,32146000,1056
chr11,chr11,32007500,32007700,32002400,32002600,1036
chr11,chr11,32152900,32153200,32145800,32146000,1106
chr11,chr11,32033800,32033900,32059300,32059500,107
chr11,chr11,32238600,32239500,32242600,32242800,1592
chr11,chr11,32232900,32233100,32236300,32236500,1138
chr11,chr11,32138000,32138900,32151300,32151500,604
