chr1,chr2,start1,end1,start2,end2,count
chr11,chr11,32084800,32085000,32091100,32091300,1001
chr11,chr11,32228600,32230000,32215400,32215600,617
chr11,chr11,32058300,32058900,32067900,32068100,641
chr11,chr11,32277400,32279600,32275000,32275200,1803
chr11,chr11,32105500,32105600,32110900,32111100,862
chr11,chr11,32257100,32257400,32252600,32252800,1195
chr11,chr11,32180800,32181300,32175100,32175300,2101
chr11,chr11,32173000,32173300,32175100,32175300,1601
chr11,chr11,32275400,32276100,32291300,32291500,497
chr11,chr11,32245800,32246300,32242600,32242800,1611
chr11,chr11,32153200,32153500,32151300,32151500,1502
chr11,chr11,32207200,32207700,32215400,32215600,1129
chr11,chr11,32166800,32167100,32168900,32169100,430
chr11,chr11,32210400,32212500,32207100,32207300,1572
chr11,chr11,32242000,32242300,32236300,32236500,1193
chr11,chr11,32146500,32146800,32151300,32151500,1423
chr11,chr11,32033400,32033600,32036400,32036600,1480
chr11,chr11,32128500,32128700,32119100,32119300,746
chr11,chr11,32187000,32187300,32207100,32207300,541
chr11,chr11,32026200,32026500,32019000,32019200,595
chr11,chr11,32157200,32157600,32151300,32151500,1214
chr11,chr11,32115700,32116400,32207100,32207300,277
chr11,chr11,32057400,32058300,32051100,32051300,829
chr11,chr11,32031400,32031900,32036400,32036600,978
chr11,chr11,32123500,32124200,32119100,32119300,1799
chr11,chr11,32119900,32120300,32207100,32207300,259
chr11,chr11,32062400,32062900,32059300,32059500,912
chr11,chr11,32293000,32293500,32291300,32291500,1884
chr11,chr11,32009400,32009700,32011800,32012000,1204
chr11,chr11,32222900,32223300,32236300,32236500,549
chr11,chr11,32122600,32123500,32145800,32146000,218
chr11,chr11,32107200,32108000,32110900,32111100,1692
chr11,chr11,32218100,32218700,32215400,32215600,2248
chr11,chr11,32016100,32016200,32019000,32019200,1102
chr11,chr11,32156300,32156400,32145800,32146000,375
chr11,chr11,32087000,32087300,32083700,32083900,1730
chr11,chr11,32033800,32033900,32036400,32036600,1331
chr11,chr11,32209800,32210000,32207100,32207300,1248
chr11,chr11,32254000,32255200,32252600,32252800,1723
chr11,chr11,32247900,32248800,32267200,32267400,251
chr11,chr11,32048300,32049000,32051100,32051300,1594
chr11,chr11,32008400,32008700,32011800,32012000,1425
chr11,chr11,32101700,32102300,32091100,32091300,620
chr11,chr11,32155100,32155300,32151300,32151500,1631
chr11,chr11,32135900,32136400,32083700,32083900,292
chr11,chr11,32057200,32057300,32067900,32068100,472
chr11,chr11,32288400,32288500,32283600,32283800,285
chr11,chr11,32232000,32232300,32236300,32236500,1471
chr11,chr11,32013600,32013600,32011800,32012000,910
chr11,chr11,32082100,32082600,32151300,32151500,154
chr11,chr11,32257000,32257100,32252600,32252800,812
chr11,chr11,32172600,32172800,32175100,32175300,2871
chr11,chr11,32177100,32177600,32168900,32169100,312
chr11,chr11,32140700,32140800,32145800,32146000,664
chr11,chr11,32206000,32206200,32215400,32215600,884
chr11,chr11,32245800,32246300,32252600,32252800,933
chr11,chr11,32204700,32204900,32207100,32207300,1535
chr11,chr11,32118900,32119500,32151300,32151500,219
chr11,chr11,32218700,32218800,32242600,32242800,180
chr11,chr11,32176900,32177100,32175100,32175300,3125
chr11,chr11,32106700,32106900,32119100,32119300,552
chr11,chr11,32013800,32013900,32011800,32012000,1236
chr11,chr11,32117600,32117700,32119100,32119300,1500
chr11,chr11,32154000,32155100,32151300,32151500,1724
chr11,chr11,32259700,32260100,32267200,32267400,983
chr11,chr11,32217400,32217700,32215400,32215600,2303
chr11,chr11,32291800,32292700,32297900,32298100,1271
chr11,chr11,32055400,32055900,32051100,32051300,757
chr11,chr11,32203400,32203700,32215400,32215600,924
chr11,chr11,32170700,32172100,32175100,32175300,2247
chr11,chr11,32111600,32112600,32119100,32119300,1164
chr11,chr11,32262600,32262600,32258700,32258900,1199
chr11,chr11,32182900,32183800,32119100,32119300,282
chr11,chr11,32047200,32047500,32042100,32042300,1161
chr11,chr11,32172100,32172400,32175100,32175300,2109
chr11,chr11,32108000,32108600,32110900,32111100,2308
chr11,chr11,32004400,32004700,32002400,32002600,1629
chr11,chr11,32004900,32005500,32002400,32002600,1486
chr11,chr11,32209500,32209800,32267200,32267400,72
chr11,chr11,32018400,32018700,32011800,32012000,827
chr11,chr11,32292900,32293000,32291300,32291500,1489
chr11,chr11,32029300,32031100,32027300,32027500,1608
chr11,chr11,32172800,32173000,32175100,32175300,2443
chr11,chr11,32206000,32206200,32119100,32119300,349
chr11,chr11,32047800,32047900,32051100,32051300,749
chr11,chr11,32139400,32139700,32083700,32083900,251
chr11,chr11,32114600,32115100,32110900,32111100,1888
chr11,chr11,32240300,32240700,32242600,32242800,2295
chr11,chr11,32172600,32172800,32175100,32175300,2871
chr11,chr11,32218700,32218800,32215400,32215600,1506
chr11,chr11,32038900,32039700,32027300,32027500,534
chr11,chr11,32168600,32169400,32175100,32175300,1592
chr11,chr11,32046000,32047200,32051100,32051300,1417
chr11,chr11,32260100,32260900,32011800,32012000,78
chr11,chr11,32296800,32297100,32291300,32291500,943
chr11,chr11,32093800,32094600,32119100,32119300,374
chr11,chr11,32021200,32023400,32027300,32027500,1379
chr11,chr11,32262800,32263100,32267200,32267400,1158
chr11,chr11,32085000,32085000,32083700,32083900,1393
chr11,chr11,32115700,32116400,32110900,32111100,1582
chr11,chr11,32013600,32013700,32011800,32012000,1336
chr11,chr11,32102300,32102700,32151300,32151500,140
chr11,chr11,32031100,32031200,32036400,32036600,649
chr11,chr11,32095100,32095600,32091100,32091300,1594
chr11,chr11,32059500,32059600,32242600,32242800,46
chr11,chr11,32210000,32210400,32207100,32207300,2110
chr11,chr11,32153900,32154000,32151300,32151500,1559
chr11,chr11,32173400,32173800,32175100,32175300,1831
chr11,chr11,32085600,32086300,32091100,32091300,1132
chr11,chr11,32059800,32060000,32051100,32051300,438
chr11,chr11,32110300,32110500,32091100,32091300,375
chr11,chr11,32006400,32007000,32019000,32019200,287
chr11,chr11,32203400,32203700,32110900,32111100,328
chr11,chr11,32041100,32041100,32242600,32242800,40
chr11,chr11,32088600,32088800,32091100,32091300,1818
chr11,chr11,32255800,32255900,32011800,32012000,43
chr11,chr11,32088000,32088600,32083700,32083900,1199
chr11,chr11,32178000,32179000,32175100,32175300,2932
chr11,chr11,32177100,32177600,32175100,32175300,2544
chr11,chr11,32217700,32218100,32207100,32207300,782
chr11,chr11,32038200,32038900,32042100,32042300,1481
chr11,chr11,32219400,32219500,32215400,32215600,1373
chr11,chr11,32269200,32270100,32267200,32267400,2003
chr11,chr11,32004700,32004900,32002400,32002600,1636
chr11,chr11,32258000,32258000,32252600,32252800,688
chr11,chr11,32255800,32255900,32236300,32236500,199
chr11,chr11,32247500,32247800,32242600,32242800,758
chr11,chr11,32255200,32255300,32252600,32252800,773
