chr1,chr2,start1,end1,start2,end2,count
chr11,chr11,32252900,32253400,32275000,32275200,352
chr11,chr11,32054600,32055400,32067900,32068100,631
chr11,chr11,32118900,32119500,32151300,32151500,219
chr11,chr11,32067200,32067600,32002400,32002600,124
chr11,chr11,32055400,32055900,32067900,32068100,435
chr11,chr11,32104900,32105500,32110900,32111100,735
chr11,chr11,32013600,32013700,32019000,32019200,350
chr11,chr11,32105600,32106200,32110900,32111100,1217
chr11,chr11,32013100,32013500,32011800,32012000,1831
chr11,chr11,32264600,32264900,32252600,32252800,374
chr11,chr11,32015500,32016100,32011800,32012000,1219
chr11,chr11,32056200,32056400,32059300,32059500,1202
chr11,chr11,32114100,32114600,32110900,32111100,1518
chr11,chr11,32290000,32290200,32297900,32298100,626
chr11,chr11,32087900,32087900,32083700,32083900,939
chr11,chr11,32262400,32262500,32258700,32258900,1524
chr11,chr11,32109000,32109900,32059300,32059500,94
chr11,chr11,32108600,32108700,32110900,32111100,1792
chr11,chr11,32268400,32268800,32091100,32091300,138
chr11,chr11,32297100,32297200,32291300,32291500,963
chr11,chr11,32138900,32139200,32151300,32151500,521
chr11,chr11,32269200,32270100,32291300,32291500,418
chr11,chr11,32004700,32004900,32002400,32002600,1636
chr11,chr11,32130300,32130700,32110900,32111100,508
chr11,chr11,32124400,32126000,32119100,32119300,1716
chr11,chr11,32140700,32140800,32215400,32215600,225
chr11,chr11,32288400,32288500,32291300,32291500,1150
chr11,chr11,32200400,32203100,32207100,32207300,1274
chr11,chr11,32057200,32057300,32051100,32051300,619
chr11,chr11,32258000,32258000,32267200,32267400,375
chr11,chr11,32295200,32295200,32297900,32298100,1093
chr11,chr11,32096300,32096600,32119100,32119300,383
chr11,chr11,32182900,32183800,32207100,32207300,208
chr11,chr11,32269200,32270100,32267200,32267400,2003
chr11,chr11,32009700,32010300,32002400,32002600,887
chr11,chr11,32081500,32082100,32083700,32083900,1307
chr11,chr11,32008700,32008800,32011800,32012000,951
chr11,chr11,32026800,32027100,32036400,32036600,568
chr11,chr11,32110300,32110500,32258700,32258900,90
chr11,chr11,32289300,32289600,32267200,32267400,262
chr11,chr11,32177700,32178000,32175100,32175300,2918
chr11,chr11,32088600,32088800,32242600,32242800,206
chr11,chr11,32158400,32158800,32151300,32151500,943
chr11,chr11,32158800,32159200,32151300,32151500,901
chr11,chr11,32152900,32153200,32145800,32146000,830
chr11,chr11,32018100,32018300,32027300,32027500,740
chr11,chr11,32255300,32255600,32258700,32258900,1439
chr11,chr11,32031100,32031200,32019000,32019200,185
chr11,chr11,32156300,32156400,32151300,32151500,881
chr11,chr11,32240300,32240700,32242600,32242800,2295
chr11,chr11,32212500,32212800,32207100,32207300,1514
chr11,chr11,32182400,32182900,32119100,32119300,152
chr11,chr11,32172100,32172400,32175100,32175300,2109
chr11,chr11,32068600,32068800,32011800,32012000,46
chr11,chr11,32173400,32173800,32175100,32175300,1831
chr11,chr11,32008800,32008900,32002400,32002600,635
chr11,chr11,32098900,32099600,32083700,32083900,378
chr11,chr11,32133400,32134700,32151300,32151500,323
chr11,chr11,32120300,32120800,32110900,32111100,799
chr11,chr11,32007500,32007700,32002400,32002600,1219
chr11,chr11,32253900,32254000,32258700,32258900,243
chr11,chr11,32154000,32155100,32151300,32151500,1724
chr11,chr11,32131900,32132700,32215400,32215600,312
chr11,chr11,32281200,32281400,32291300,32291500,552
chr11,chr11,32005500,32006400,32027300,32027500,277
chr11,chr11,32178000,32179000,32151300,32151500,262
chr11,chr11,32100200,32100700,32091100,32091300,795
chr11,chr11,32114600,32115100,32258700,32258900,95
chr11,chr11,32204700,32204900,32207100,32207300,1535
chr11,chr11,32108700,32109000,32091100,32091300,409
chr11,chr11,32134700,32135100,32145800,32146000,284
chr11,chr11,32299800,32299900,32297900,32298100,794
chr11,chr11,32181300,32182300,32175100,32175300,1755
chr11,chr11,32106200,32106700,32119100,32119300,715
chr11,chr11,32172800,32173000,32168900,32169100,472
chr11,chr11,32071300,32072600,32076800,32077000,571
chr11,chr11,32247500,32247800,32242600,32242800,758
chr11,chr11,32120800,32121400,32042100,32042300,63
chr11,chr11,32246500,32246900,32242600,32242800,1618
chr11,chr11,32063700,32064200,32059300,32059500,1024
chr11,chr11,32276100,32277400,32258700,32258900,413
chr11,chr11,32031400,32031900,32027300,32027500,1361
chr11,chr11,32126600,32128400,32119100,32119300,1029
chr11,chr11,32106700,32106900,32119100,32119300,552
chr11,chr11,32112900,32113200,32110900,32111100,2326
chr11,chr11,32011500,32011700,32042100,32042300,128
chr11,chr11,32284500,32284800,32275000,32275200,712
chr11,chr11,32182900,32183800,32175100,32175300,979
chr11,chr11,32165800,32166100,32168900,32169100,324
chr11,chr11,32108600,32108700,32091100,32091300,345
chr11,chr11,32255900,32256900,32252600,32252800,1480
chr11,chr11,32282000,32282300,32283600,32283800,571
chr11,chr11,32206400,32206600,32215400,32215600,1123
chr11,chr11,32178000,32179000,32175100,32175300,2932
chr11,chr11,32101400,32101700,32215400,32215600,286
chr11,chr11,32159600,32160700,32145800,32146000,484
chr11,chr11,32232300,32232400,32236300,32236500,1382
chr11,chr11,32232000,32232300,32242600,32242800,672
chr11,chr11,32111600,32112600,32151300,32151500,183
chr11,chr11,32103800,32104500,32110900,32111100,920
chr11,chr11,32196900,32197500,32215400,32215600,256
chr11,chr11,32179000,32179600,32175100,32175300,3197
chr11,chr11,32173800,32174200,32145800,32146000,172
chr11,chr11,32123500,32124200,32119100,32119300,1799
chr11,chr11,32261800,32261900,32267200,32267400,808
chr11,chr11,32209800,32209800,32215400,32215600,695
chr11,chr11,32004400,32004700,32002400,32002600,1629
chr11,chr11,32104900,32105500,32236300,32236500,165
chr11,chr11,32292900,32293000,32297900,32298100,643
chr11,chr11,32169900,32170700,32175100,32175300,1896
chr11,chr11,32218100,32218700,32207100,32207300,782
chr11,chr11,32122000,32122600,32110900,32111100,533
chr11,chr11,32073800,32073900,32076800,32077000,469
chr11,chr11,32268400,32268800,32275000,32275200,1429
chr11,chr11,32240700,32242000,32252600,32252800,551
chr11,chr11,32254000,32255200,32275000,32275200,386
chr11,chr11,32042400,32043300,32252600,32252800,103
chr11,chr11,32156800,32157200,32151300,32151500,1234
chr11,chr11,32234000,32234200,32027300,32027500,119
chr11,chr11,32012200,32013100,32002400,32002600,369
chr11,chr11,32013900,32015000,32011800,32012000,1773
chr11,chr11,32212800,32213500,32215400,32215600,2380
chr11,chr11,32075500,32075700,32076800,32077000,510
chr11,chr11,32217700,32218100,32215400,32215600,2132
chr11,chr11,32007000,32007000,32011800,32012000,529
chr11,chr11,32060900,32061000,32059300,32059500,1533
chr11,chr11,32039700,32040700,32051100,32051300,547
chr11,chr11,32217300,32217400,32083700,32083900,238
