chr1,chr2,start1,end1,start2,end2,count
chr11,chr11,32035100,32035300,32042100,32042300,707
chr11,chr11,32051700,32051900,32236300,32236500,136
chr11,chr11,32217300,32217400,32215400,32215600,2134
chr11,chr11,32098100,32098400,32091100,32091300,708
chr11,chr11,32169900,32170700,32175100,32175300,1896
chr11,chr11,32013700,32013800,32011800,32012000,1971
chr11,chr11,32026200,32026500,32019000,32019200,595
chr11,chr11,32172600,32172800,32175100,32175300,2871
chr11,chr11,32088600,32088800,32083700,32083900,1044
chr11,chr11,32279600,32279700,32275000,32275200,1254
chr11,chr11,32218800,32218900,32215400,32215600,879
chr11,chr11,32047900,32048300,32051100,32051300,1317
chr11,chr11,32216000,32216300,32091100,32091300,305
chr11,chr11,32115700,32116400,32110900,32111100,1582
chr11,chr11,32117100,32117600,32119100,32119300,2383
chr11,chr11,32224300,32227200,32091100,32091300,418
chr11,chr11,32000600,32002200,32051100,32051300,147
chr11,chr11,32206400,32206600,32215400,32215600,1123
chr11,chr11,32045200,32045600,32042100,32042300,1641
chr11,chr11,32055900,32056200,32059300,32059500,1321
chr11,chr11,32011500,32011700,32027300,32027500,310
chr11,chr11,32133400,32134700,32119100,32119300,873
chr11,chr11,32008000,32008300,32011800,32012000,1084
chr11,chr11,32108600,32108700,32110900,32111100,1792
chr11,chr11,32121400,32121600,32119100,32119300,2055
chr11,chr11,32232500,32232900,32236300,32236500,1613
chr11,chr11,32007900,32008000,32011800,32012000,1151
chr11,chr11,32215900,32216000,32207100,32207300,628
chr11,chr11,32254000,32255200,32252600,32252800,1723
chr11,chr11,32219500,32219900,32236300,32236500,373
chr11,chr11,32157200,32157600,32151300,32151500,1214
chr11,chr11,32046000,32047200,32051100,32051300,1417
chr11,chr11,32157600,32158400,32175100,32175300,533
chr11,chr11,32061000,32061900,32083700,32083900,234
chr11,chr11,32133400,32134700,32151300,32151500,323
chr11,chr11,32196900,32197500,32242600,32242800,65
chr11,chr11,32122600,32123500,32119100,32119300,2135
chr11,chr11,32177700,32178000,32175100,32175300,2918
chr11,chr11,32199400,32200100,32242600,32242800,114
chr11,chr11,32079400,32079900,32076800,32077000,415
chr11,chr11,32252900,32253400,32267200,32267400,455
chr11,chr11,32212800,32213500,32215400,32215600,2380
chr11,chr11,32092500,32093700,32083700,32083900,806
chr11,chr11,32219300,32219400,32215400,32215600,1100
chr11,chr11,32294100,32294300,32297900,32298100,1266
chr11,chr11,32154000,32155100,32151300,32151500,1724
chr11,chr11,32261300,32261800,32258700,32258900,1541
chr11,chr11,32053500,32053600,32051100,32051300,1490
chr11,chr11,32155300,32155800,32151300,32151500,1474
chr11,chr11,32176900,32177100,32175100,32175300,3125
chr11,chr11,32204700,32204900,32207100,32207300,1535
chr11,chr11,32232500,32232900,32011800,32012000,71
chr11,chr11,32233100,32234000,32236300,32236500,2009
chr11,chr11,32113200,32114000,32110900,32111100,2219
chr11,chr11,32050600,32051700,32168900,32169100,18
chr11,chr11,32038000,32038200,32267200,32267400,51
chr11,chr11,32240300,32240700,32242600,32242800,2295
chr11,chr11,32255800,32255900,32236300,32236500,199
chr11,chr11,32218900,32219300,32215400,32215600,2250
chr11,chr11,32013800,32013900,32019000,32019200,342
chr11,chr11,32295200,32296400,32297900,32298100,1938
chr11,chr11,32116400,32116700,32119100,32119300,1801
chr11,chr11,32162700,32164900,32151300,32151500,708
chr11,chr11,32217700,32218100,32215400,32215600,2132
chr11,chr11,32183800,32184100,32236300,32236500,86
chr11,chr11,32018300,32018400,32027300,32027500,388
chr11,chr11,32167500,32168300,32151300,32151500,335
chr11,chr11,32208400,32209300,32215400,32215600,1555
chr11,chr11,32112900,32113200,32119100,32119300,1306
chr11,chr11,32047500,32047800,32036400,32036600,569
chr11,chr11,32008000,32008300,32019000,32019200,220
chr11,chr11,32128700,32129400,32091100,32091300,332
chr11,chr11,32047500,32047800,32051100,32051300,1560
chr11,chr11,32243100,32244800,32252600,32252800,586
chr11,chr11,32048300,32049000,32051100,32051300,1594
chr11,chr11,32267600,32268300,32258700,32258900,807
chr11,chr11,32297100,32297200,32275000,32275200,254
chr11,chr11,32016200,32018100,32011800,32012000,1297
chr11,chr11,32152500,32152900,32145800,32146000,846
chr11,chr11,32004900,32005500,32002400,32002600,1486
chr11,chr11,32230600,32230700,32242600,32242800,430
chr11,chr11,32114100,32114600,32110900,32111100,1518
chr11,chr11,32212500,32212800,32215400,32215600,2537
chr11,chr11,32207200,32207700,32215400,32215600,1129
chr11,chr11,32052100,32052600,32042100,32042300,738
chr11,chr11,32219500,32219900,32207100,32207300,630
chr11,chr11,32087000,32087300,32083700,32083900,1730
chr11,chr11,32179000,32179600,32175100,32175300,3197
chr11,chr11,32294300,32294400,32291300,32291500,1340
chr11,chr11,32004100,32004300,32002400,32002600,1821
chr11,chr11,32061000,32061900,32067900,32068100,1051
chr11,chr11,32140800,32141200,32067900,32068100,89
chr11,chr11,32230700,32232000,32119100,32119300,345
chr11,chr11,32121600,32121900,32119100,32119300,1272
chr11,chr11,32031400,32031900,32042100,32042300,564
chr11,chr11,32286700,32288400,32291300,32291500,1476
chr11,chr11,32177600,32177700,32175100,32175300,2964
chr11,chr11,32294800,32295200,32291300,32291500,1492
chr11,chr11,32146500,32146800,32151300,32151500,1423
chr11,chr11,32047800,32047900,32051100,32051300,749
chr11,chr11,32168300,32168600,32175100,32175300,876
chr11,chr11,32116800,32117100,32076800,32077000,73
chr11,chr11,32011300,32011500,32019000,32019200,267
chr11,chr11,32070100,32070400,32067900,32068100,1514
chr11,chr11,32178000,32179000,32175100,32175300,2932
chr11,chr11,32055400,32055900,32051100,32051300,757
chr11,chr11,32298400,32298700,32258700,32258900,155
chr11,chr11,32230700,32232000,32215400,32215600,498
chr11,chr11,32114100,32114600,32119100,32119300,1181
chr11,chr11,32235700,32235700,32242600,32242800,359
chr11,chr11,32117600,32117700,32119100,32119300,1500
chr11,chr11,32134700,32135100,32110900,32111100,390
chr11,chr11,32080700,32081200,32076800,32077000,550
chr11,chr11,32142000,32144100,32151300,32151500,785
chr11,chr11,32173400,32173800,32175100,32175300,1831
chr11,chr11,32292900,32293000,32291300,32291500,1489
chr11,chr11,32172800,32173000,32175100,32175300,2443
chr11,chr11,32240700,32242000,32252600,32252800,551
chr11,chr11,32067200,32067600,32275000,32275200,145
chr11,chr11,32235000,32235100,32242600,32242800,297
chr11,chr11,32176200,32176900,32168900,32169100,403
chr11,chr11,32033800,32033900,32036400,32036600,1331
chr11,chr11,32141200,32141800,32151300,32151500,673
chr11,chr11,32283800,32284500,32275000,32275200,605
chr11,chr11,32027800,32028600,32002400,32002600,235
chr11,chr11,32098700,32098900,32291300,32291500,89
chr11,chr11,32253700,32253900,32242600,32242800,506
chr11,chr11,32257100,32257400,32252600,32252800,1195
