chr1,chr2,start1,end1,start2,end2,count
chr11,chr11,32261900,32262300,32258700,32258900,1755
chr11,chr11,32173400,32173800,32175100,32175300,1262
chr11,chr11,32117600,32117600,32119100,32119300,1534
chr11,chr11,32060500,32060900,32067900,32068100,782
chr11,chr11,32188600,32188800,32145800,32146000,772
chr11,chr11,32161600,32161900,32151300,32151500,1456
chr11,chr11,32279600,32279700,32267200,32267400,285
chr11,chr11,32277400,32279600,32283600,32283800,477
chr11,chr11,32282300,32283100,32275000,32275200,1159
chr11,chr11,32227600,32228600,32242600,32242800,637
chr11,chr11,32222700,32222900,32145800,32146000,144
chr11,chr11,32148300,32148900,32145800,32146000,2379
chr11,chr11,32153200,32153500,32151300,32151500,2932
chr11,chr11,32086300,32087000,32083700,32083900,1627
chr11,chr11,32024300,32026000,32027300,32027500,2181
chr11,chr11,32176000,32176100,32145800,32146000,246
chr11,chr11,32093800,32094600,32091100,32091300,1927
chr11,chr11,32009700,32010300,32011800,32012000,2388
chr11,chr11,32138000,32138900,32145800,32146000,1036
chr11,chr11,32292900,32293000,32297900,32298100,641
chr11,chr11,32210000,32210400,32215400,32215600,1223
chr11,chr11,32007500,32007700,32002400,32002600,1036
chr11,chr11,32232900,32233100,32236300,32236500,1138
chr11,chr11,32179000,32179600,32175100,32175300,1457
chr11,chr11,32050500,32050600,32059300,32059500,313
chr11,chr11,32191200,32192000,32145800,32146000,787
chr11,chr11,32150600,32151000,32145800,32146000,2349
chr11,chr11,32130300,32130700,32091100,32091300,206
chr11,chr11,32170700,32172100,32151300,32151500,711
chr11,chr11,32172800,32173000,32175100,32175300,2219
chr11,chr11,32242400,32243000,32145800,32146000,34
chr11,chr11,32041600,32042100,32067900,32068100,255
chr11,chr11,32151800,32152400,32145800,32146000,1453
chr11,chr11,32045800,32045900,32036400,32036600,292
chr11,chr11,32024300,32026000,32215400,32215600,52
chr11,chr11,32004100,32004300,32036400,32036600,178
chr11,chr11,32283800,32284500,32258700,32258900,203
chr11,chr11,32224300,32227200,32215400,32215600,586
chr11,chr11,32209500,32209800,32215400,32215600,1117
chr11,chr11,32260900,32261300,32275000,32275200,321
chr11,chr11,32144300,32145200,32051100,32051300,70
chr11,chr11,32205600,32206000,32207100,32207300,1927
chr11,chr11,32157600,32158400,32151300,32151500,1963
chr11,chr11,32253700,32253900,32258700,32258900,1220
chr11,chr11,32058300,32058900,32051100,32051300,513
chr11,chr11,32216300,32217200,32236300,32236500,290
chr11,chr11,32294100,32294300,32291300,32291500,1659
chr11,chr11,32116700,32116800,32110900,32111100,855
chr11,chr11,32160700,32161300,32151300,32151500,1508
chr11,chr11,32294400,32294800,32252600,32252800,156
chr11,chr11,32098400,32098700,32215400,32215600,81
chr11,chr11,32049900,32050500,32067900,32068100,377
chr11,chr11,32238100,32238600,32242600,32242800,1307
chr11,chr11,32052100,32052600,32042100,32042300,648
chr11,chr11,32177700,32178000,32175100,32175300,1787
chr11,chr11,32018700,32019000,32042100,32042300,278
chr11,chr11,32013700,32013800,32019000,32019200,756
chr11,chr11,32045600,32045800,32051100,32051300,1009
chr11,chr11,32033800,32033900,32036400,32036600,1338
chr11,chr11,32154000,32155100,32145800,32146000,1084
chr11,chr11,32072700,32073800,32067900,32068100,503
chr11,chr11,32290300,32290900,32258700,32258900,260
chr11,chr11,32059500,32059600,32002400,32002600,35
chr11,chr11,32174200,32174700,32151300,32151500,659
chr11,chr11,32177600,32177700,32175100,32175300,1953
chr11,chr11,32136400,32137100,32236300,32236500,76
chr11,chr11,32210400,32212500,32215400,32215600,1287
chr11,chr11,32210000,32210400,32207100,32207300,1590
chr11,chr11,32230600,32230700,32236300,32236500,918
chr11,chr11,32018100,32018300,32002400,32002600,313
chr11,chr11,32256900,32257000,32275000,32275200,370
chr11,chr11,32153500,32153900,32151300,32151500,3514
chr11,chr11,32233100,32234000,32242600,32242800,920
chr11,chr11,32233100,32234000,32236300,32236500,2032
chr11,chr11,32139800,32140700,32145800,32146000,1247
chr11,chr11,32044500,32045100,32042100,32042300,1561
chr11,chr11,32264900,32265000,32258700,32258900,809
chr11,chr11,32000000,32000500,32002400,32002600,2292
chr11,chr11,32004400,32004700,32027300,32027500,280
chr11,chr11,32053500,32053600,32059300,32059500,719
chr11,chr11,32235100,32235700,32242600,32242800,475
chr11,chr11,32117100,32117600,32119100,32119300,2468
chr11,chr11,32054600,32055400,32051100,32051300,1299
chr11,chr11,32007800,32007900,32042100,32042300,152
chr11,chr11,32115700,32116400,32119100,32119300,1182
chr11,chr11,32188900,32189400,32145800,32146000,833
chr11,chr11,32162700,32164900,32151300,32151500,1791
chr11,chr11,32206700,32207100,32145800,32146000,245
chr11,chr11,32073900,32074100,32076800,32077000,591
chr11,chr11,32071300,32072600,32110900,32111100,113
chr11,chr11,32262700,32262800,32275000,32275200,566
chr11,chr11,32195200,32195400,32175100,32175300,191
chr11,chr11,32070400,32070400,32067900,32068100,1712
chr11,chr11,32290900,32291000,32297900,32298100,374
chr11,chr11,32232000,32232300,32236300,32236500,1312
chr11,chr11,32276100,32277400,32252600,32252800,335
chr11,chr11,32169400,32169500,32175100,32175300,850
chr11,chr11,32252800,32252900,32242600,32242800,412
chr11,chr11,32149900,32149900,32151300,32151500,977
chr11,chr11,32158400,32158800,32156000,32156200,710
chr11,chr11,32298400,32298700,32291300,32291500,830
chr11,chr11,32204900,32205600,32207100,32207300,1513
chr11,chr11,32064300,32065100,32083700,32083900,173
chr11,chr11,32005500,32006400,32002400,32002600,1115
chr11,chr11,32187000,32187300,32145800,32146000,1091
chr11,chr11,32196600,32196900,32145800,32146000,1362
chr11,chr11,32016200,32018100,32011800,32012000,1104
chr11,chr11,32095100,32095600,32091100,32091300,1428
chr11,chr11,32232500,32232900,32236300,32236500,1653
chr11,chr11,32239500,32240300,32067900,32068100,125
chr11,chr11,32108000,32108600,32091100,32091300,351
chr11,chr11,32007000,32007300,32019000,32019200,355
chr11,chr11,32155100,32155300,32151300,32151500,2936
chr11,chr11,32037100,32038000,32019000,32019200,221
chr11,chr11,32088600,32088800,32083700,32083900,1044
chr11,chr11,32198000,32198200,32236300,32236500,185
chr11,chr11,32213500,32214200,32215400,32215600,2038
chr11,chr11,32004900,32005500,32011800,32012000,821
chr11,chr11,32288400,32288500,32291300,32291500,1297
chr11,chr11,32254000,32255200,32267200,32267400,361
chr11,chr11,32013900,32015000,32019000,32019200,1225
chr11,chr11,32026500,32026800,32036400,32036600,432
chr11,chr11,32232000,32232300,32175100,32175300,125
chr11,chr11,32148900,32149600,32091100,32091300,168
chr11,chr11,32237200,32238100,32242600,32242800,1218
chr11,chr11,32264900,32265000,32297900,32298100,105
chr11,chr11,32051700,32051900,32059300,32059500,545
chr11,chr11,32061000,32061900,32059300,32059500,1658
