chr1,chr2,start1,end1,start2,end2,count
chr11,chr11,32258000,32258000,32252600,32252800,645
chr11,chr11,32281200,32281400,32275000,32275200,1190
chr11,chr11,32253700,32253900,32275000,32275200,380
chr11,chr11,32005500,32006400,32011800,32012000,889
chr11,chr11,32281200,32281400,32291300,32291500,593
chr11,chr11,32294800,32295200,32297900,32298100,1278
chr11,chr11,32281900,32282000,32291300,32291500,420
chr11,chr11,32212500,32212800,32215400,32215600,2119
chr11,chr11,32153900,32154000,32151300,32151500,2935
chr11,chr11,32115100,32115700,32110900,32111100,1220
chr11,chr11,32176900,32177100,32175100,32175300,2199
chr11,chr11,32293000,32293500,32275000,32275200,534
chr11,chr11,32052600,32053200,32036400,32036600,277
chr11,chr11,32256900,32257000,32252600,32252800,1307
chr11,chr11,32296400,32296800,32291300,32291500,1307
chr11,chr11,32121400,32121600,32119100,32119300,1463
chr11,chr11,32020200,32021200,32019000,32019200,1201
chr11,chr11,32165800,32166100,32151300,32151500,1161
chr11,chr11,32083300,32083600,32215400,32215600,125
chr11,chr11,32013600,32013600,32011800,32012000,845
chr11,chr11,32268800,32269200,32267200,32267400,1482
chr11,chr11,32100700,32101100,32110900,32111100,258
chr11,chr11,32053200,32053500,32051100,32051300,1180
chr11,chr11,32057400,32058300,32067900,32068100,696
chr11,chr11,32174700,32175100,32151300,32151500,607
chr11,chr11,32203700,32204300,32207100,32207300,581
chr11,chr11,32061000,32061900,32059300,32059500,1658
chr11,chr11,32285300,32286700,32297900,32298100,440
chr11,chr11,32290300,32290900,32283600,32283800,380
chr11,chr11,32274600,32274900,32207100,32207300,49
chr11,chr11,32173000,32173300,32119100,32119300,90
chr11,chr11,32159600,32160700,32151300,32151500,1862
chr11,chr11,32009700,32010300,32027300,32027500,437
chr11,chr11,32044500,32045100,32042100,32042300,1561
chr11,chr11,32293500,32294100,32275000,32275200,399
chr11,chr11,32296800,32297100,32291300,32291500,1120
chr11,chr11,32116700,32116800,32119100,32119300,1229
chr11,chr11,32238100,32238600,32242600,32242800,1307
chr11,chr11,32047500,32047800,32051100,32051300,1635
chr11,chr11,32135100,32135700,32151300,32151500,286
chr11,chr11,32085000,32085600,32083700,32083900,1675
chr11,chr11,32155300,32155800,32145800,32146000,1126
chr11,chr11,32232500,32232900,32091100,32091300,114
chr11,chr11,32141800,32142000,32156000,32156200,150
chr11,chr11,32006400,32007000,32002400,32002600,1009
chr11,chr11,32177100,32177600,32175100,32175300,1701
chr11,chr11,32009700,32010300,32002400,32002600,792
chr11,chr11,32013100,32013500,32011800,32012000,1985
chr11,chr11,32255300,32255600,32252600,32252800,1701
chr11,chr11,32124200,32124400,32242600,32242800,68
chr11,chr11,32179800,32179800,32151300,32151500,217
chr11,chr11,32294400,32294800,32297900,32298100,1216
chr11,chr11,32056400,32057200,32059300,32059500,1238
chr11,chr11,32292900,32293000,32291300,32291500,1909
chr11,chr11,32062400,32062900,32059300,32059500,785
chr11,chr11,32251600,32252000,32258700,32258900,728
chr11,chr11,32212800,32213500,32215400,32215600,1741
chr11,chr11,32167100,32167200,32175100,32175300,350
chr11,chr11,32184100,32184700,32145800,32146000,1444
chr11,chr11,32008000,32008300,32011800,32012000,1020
chr11,chr11,32255300,32255600,32258700,32258900,1454
chr11,chr11,32159200,32159500,32156000,32156200,647
chr11,chr11,32245800,32246300,32242600,32242800,1593
chr11,chr11,32060900,32061000,32059300,32059500,1905
chr11,chr11,32238600,32239500,32242600,32242800,1592
chr11,chr11,32099600,32099700,32110900,32111100,222
chr11,chr11,32045200,32045600,32042100,32042300,1472
chr11,chr11,32260900,32261300,32258700,32258900,1091
chr11,chr11,32049100,32049900,32042100,32042300,951
chr11,chr11,32033400,32033600,32027300,32027500,635
chr11,chr11,32006400,32007000,32011800,32012000,1110
chr11,chr11,32040700,32041100,32036400,32036600,894
chr11,chr11,32088800,32090000,32083700,32083900,1060
chr11,chr11,32261900,32262300,32275000,32275200,633
chr11,chr11,32013500,32013600,32036400,32036600,206
chr11,chr11,32253700,32253900,32258700,32258900,1220
chr11,chr11,32158400,32158800,32151300,32151500,1501
chr11,chr11,32246500,32246900,32242600,32242800,1331
chr11,chr11,32255600,32255800,32258700,32258900,969
chr11,chr11,32169900,32170700,32175100,32175300,1178
chr11,chr11,32260100,32260900,32252600,32252800,958
chr11,chr11,32118000,32118700,32110900,32111100,771
chr11,chr11,32004400,32004700,32002400,32002600,1588
chr11,chr11,32192000,32192200,32091100,32091300,106
chr11,chr11,32105600,32106200,32110900,32111100,1204
chr11,chr11,32018100,32018300,32011800,32012000,852
chr11,chr11,32101100,32101200,32091100,32091300,400
chr11,chr11,32087900,32088000,32083700,32083900,925
chr11,chr11,32090000,32090400,32083700,32083900,783
chr11,chr11,32000000,32000500,32036400,32036600,115
chr11,chr11,32013900,32015000,32011800,32012000,1890
chr11,chr11,32168300,32168600,32175100,32175300,1151
chr11,chr11,32200100,32200400,32145800,32146000,870
chr11,chr11,32213500,32214200,32215400,32215600,2038
chr11,chr11,32189400,32189700,32145800,32146000,696
chr11,chr11,32000500,32000600,32011800,32012000,221
chr11,chr11,32062900,32063100,32067900,32068100,948
chr11,chr11,32166800,32167100,32175100,32175300,600
chr11,chr11,32126100,32126300,32091100,32091300,145
chr11,chr11,32283100,32283800,32275000,32275200,727
chr11,chr11,32063300,32063700,32067900,32068100,1740
chr11,chr11,32283800,32284500,32236300,32236500,94
chr11,chr11,32053500,32053600,32051100,32051300,1409
chr11,chr11,32281400,32281900,32297900,32298100,295
chr11,chr11,32234000,32234200,32236300,32236500,2063
chr11,chr11,32115100,32115700,32119100,32119300,1232
chr11,chr11,32008900,32009400,32059300,32059500,86
chr11,chr11,32173000,32173000,32175100,32175300,1398
chr11,chr11,32212800,32213500,32215400,32215600,1741
chr11,chr11,32150600,32151000,32145800,32146000,2349
chr11,chr11,32149600,32149900,32151300,32151500,2880
chr11,chr11,32239500,32240300,32236300,32236500,2072
chr11,chr11,32133000,32133400,32119100,32119300,407
chr11,chr11,32113200,32114000,32110900,32111100,1791
chr11,chr11,32224300,32227200,32236300,32236500,828
chr11,chr11,32219900,32220900,32215400,32215600,1090
chr11,chr11,32148900,32149600,32145800,32146000,2338
chr11,chr11,32177600,32177700,32175100,32175300,1953
chr11,chr11,32053200,32053500,32051100,32051300,1180
chr11,chr11,32079400,32079900,32076800,32077000,450
chr11,chr11,32112900,32113200,32110900,32111100,1952
chr11,chr11,32180800,32181300,32151300,32151500,1127
chr11,chr11,32255600,32255800,32252600,32252800,1105
chr11,chr11,32070400,32070400,32067900,32068100,1712
chr11,chr11,32142000,32144100,32151300,32151500,908
chr11,chr11,32086300,32087000,32083700,32083900,1627
chr11,chr11,32149600,32149900,32145800,32146000,2603
chr11,chr11,32096600,32098100,32110900,32111100,370
