chr1,chr2,start1,end1,start2,end2,count
chr11,chr11,32232500,32232900,32242600,32242800,797
chr11,chr11,32038900,32039700,32042100,32042300,1475
chr11,chr11,32085600,32086300,32083700,32083900,1849
chr11,chr11,32153500,32153900,32156000,32156200,453
chr11,chr11,32246900,32247500,32258700,32258900,424
chr11,chr11,32162200,32162400,32175100,32175300,244
chr11,chr11,32152900,32153200,32156000,32156200,459
chr11,chr11,32045100,32045200,32051100,32051300,632
chr11,chr11,32045600,32045800,32036400,32036600,622
chr11,chr11,32220900,32221700,32215400,32215600,1423
chr11,chr11,32012200,32013100,32019000,32019200,339
chr11,chr11,32093700,32093800,32091100,32091300,1539
chr11,chr11,32031200,32031400,32042100,32042300,426
chr11,chr11,32284800,32285300,32275000,32275200,736
chr11,chr11,32005500,32006400,32002400,32002600,1482
chr11,chr11,32253700,32253900,32258700,32258900,1134
chr11,chr11,32037100,32038000,32019000,32019200,227
chr11,chr11,32000500,32000600,32002400,32002600,1583
chr11,chr11,32053200,32053500,32051100,32051300,1341
chr11,chr11,32094600,32095100,32267200,32267400,81
chr11,chr11,32068400,32068600,32083700,32083900,235
chr11,chr11,32122600,32123500,32119100,32119300,2135
chr11,chr11,32079400,32079900,32091100,32091300,253
chr11,chr11,32138000,32138900,32175100,32175300,238
chr11,chr11,32172600,32172800,32175100,32175300,2871
chr11,chr11,32238600,32239500,32291300,32291500,158
chr11,chr11,32114600,32115100,32110900,32111100,1888
chr11,chr11,32113200,32114000,32110900,32111100,2219
chr11,chr11,32131300,32131900,32119100,32119300,918
chr11,chr11,32255900,32256900,32258700,32258900,1805
chr11,chr11,32293000,32293500,32291300,32291500,1884
chr11,chr11,32013700,32013800,32011800,32012000,1971
chr11,chr11,32269200,32270100,32119100,32119300,114
chr11,chr11,32209800,32209800,32215400,32215600,695
chr11,chr11,32015000,32015500,32011800,32012000,1150
chr11,chr11,32047200,32047500,32042100,32042300,1161
chr11,chr11,32208400,32209300,32207100,32207300,2548
chr11,chr11,32070400,32070400,32067900,32068100,1291
chr11,chr11,32210000,32210400,32059300,32059500,102
chr11,chr11,32239500,32240300,32242600,32242800,1996
chr11,chr11,32262300,32262400,32258700,32258900,635
chr11,chr11,32299800,32299900,32291300,32291500,192
chr11,chr11,32140700,32140800,32151300,32151500,463
chr11,chr11,32177700,32178000,32175100,32175300,2918
chr11,chr11,32053600,32054600,32051100,32051300,1384
chr11,chr11,32116400,32116700,32110900,32111100,1440
chr11,chr11,32188600,32188800,32110900,32111100,146
chr11,chr11,32056200,32056400,32051100,32051300,894
chr11,chr11,32101100,32101200,32091100,32091300,425
chr11,chr11,32294100,32294300,32291300,32291500,1492
chr11,chr11,32162700,32164900,32168900,32169100,313
chr11,chr11,32088800,32090000,32083700,32083900,1242
chr11,chr11,32298700,32299800,32291300,32291500,654
chr11,chr11,32176200,32176900,32151300,32151500,309
chr11,chr11,32060900,32061000,32059300,32059500,1533
chr11,chr11,32169900,32170700,32175100,32175300,1896
chr11,chr11,32172600,32172800,32175100,32175300,2871
chr11,chr11,32254000,32255200,32242600,32242800,571
chr11,chr11,32151000,32151800,32175100,32175300,629
chr11,chr11,32106900,32107200,32110900,32111100,1744
chr11,chr11,32270100,32271200,32252600,32252800,260
chr11,chr11,32283800,32284500,32291300,32291500,588
chr11,chr11,32121900,32122000,32119100,32119300,721
chr11,chr11,32169400,32169500,32175100,32175300,684
chr11,chr11,32284800,32285300,32042100,32042300,63
chr11,chr11,32212500,32212800,32215400,32215600,2537
chr11,chr11,32254000,32255200,32258700,32258900,1287
chr11,chr11,32153200,32153500,32145800,32146000,560
chr11,chr11,32200400,32203100,32215400,32215600,891
chr11,chr11,32288500,32289100,32051100,32051300,90
chr11,chr11,32048300,32049000,32042100,32042300,1046
chr11,chr11,32063300,32063700,32059300,32059500,1019
chr11,chr11,32271200,32271600,32291300,32291500,349
chr11,chr11,32257100,32257400,32242600,32242800,371
chr11,chr11,32098700,32098900,32091100,32091300,984
chr11,chr11,32029300,32031100,32027300,32027500,1608
chr11,chr11,32083300,32083600,32145800,32146000,112
chr11,chr11,32281200,32281400,32002400,32002600,69
chr11,chr11,32008900,32009400,32002400,32002600,752
chr11,chr11,32026200,32026500,32036400,32036600,587
chr11,chr11,32155100,32155300,32151300,32151500,1631
chr11,chr11,32294400,32294800,32291300,32291500,1533
chr11,chr11,32029300,32031100,32027300,32027500,1608
chr11,chr11,32112900,32113200,32119100,32119300,1306
chr11,chr11,32176900,32177100,32175100,32175300,3125
chr11,chr11,32016200,32018100,32011800,32012000,1297
chr11,chr11,32155300,32155800,32151300,32151500,1474
chr11,chr11,32162200,32162400,32091100,32091300,27
chr11,chr11,32008900,32009400,32011800,32012000,1408
chr11,chr11,32083800,32084600,32091100,32091300,1144
chr11,chr11,32149600,32149600,32151300,32151500,840
chr11,chr11,32109000,32109900,32145800,32146000,160
chr11,chr11,32136400,32137100,32119100,32119300,961
chr11,chr11,32149900,32150100,32145800,32146000,1190
chr11,chr11,32098700,32098900,32119100,32119300,383
chr11,chr11,32133000,32133400,32091100,32091300,247
chr11,chr11,32243000,32243100,32236300,32236500,519
chr11,chr11,32180800,32181300,32175100,32175300,2101
chr11,chr11,32087400,32087400,32083700,32083900,849
chr11,chr11,32261900,32262300,32252600,32252800,705
chr11,chr11,32103200,32103800,32258700,32258900,124
chr11,chr11,32033600,32033800,32036400,32036600,1032
chr11,chr11,32129400,32130200,32119100,32119300,1091
chr11,chr11,32148300,32148900,32151300,32151500,1267
chr11,chr11,32118700,32118900,32091100,32091300,218
chr11,chr11,32012200,32013100,32042100,32042300,140
chr11,chr11,32152500,32152900,32145800,32146000,846
chr11,chr11,32173300,32173400,32175100,32175300,1524
chr11,chr11,32206600,32206700,32215400,32215600,651
chr11,chr11,32162000,32162200,32151300,32151500,651
chr11,chr11,32261300,32261800,32267200,32267400,923
chr11,chr11,32049100,32049900,32027300,32027500,294
chr11,chr11,32262700,32262800,32267200,32267400,812
chr11,chr11,32117100,32117600,32175100,32175300,112
chr11,chr11,32038200,32038900,32036400,32036600,1916
chr11,chr11,32047800,32047900,32059300,32059500,171
chr11,chr11,32150100,32150200,32145800,32146000,1029
chr11,chr11,32031900,32032700,32027300,32027500,1068
chr11,chr11,32264600,32264900,32258700,32258900,852
chr11,chr11,32146500,32146800,32151300,32151500,1423
chr11,chr11,32168300,32168600,32175100,32175300,876
chr11,chr11,32152900,32153200,32145800,32146000,830
chr11,chr11,32257100,32257400,32252600,32252800,1195
chr11,chr11,32016100,32016200,32019000,32019200,1102
chr11,chr11,32120800,32121400,32119100,32119300,1886
chr11,chr11,32006400,32007000,32002400,32002600,1392
chr11,chr11,32294400,32294800,32275000,32275200,339
chr11,chr11,32004400,32004700,32011800,32012000,679
