chr1,chr2,start1,end1,start2,end2,count
chr11,chr11,32124400,32126000,32119100,32119300,1716
chr11,chr11,32082100,32082600,32091100,32091300,618
chr11,chr11,32038200,32038900,32042100,32042300,1481
chr11,chr11,32239500,32240300,32091100,32091300,284
chr11,chr11,32217700,32218100,32083700,32083900,379
chr11,chr11,32249200,32251500,32242600,32242800,784
chr11,chr11,32170700,32172100,32175100,32175300,2247
chr11,chr11,32081200,32081500,32083700,32083900,1152
chr11,chr11,32173800,32174200,32215400,32215600,83
chr11,chr11,32096300,32096600,32076800,32077000,168
chr11,chr11,32255900,32256900,32252600,32252800,1480
chr11,chr11,32269200,32270100,32267200,32267400,2003
chr11,chr11,32219900,32220900,32215400,32215600,1448
chr11,chr11,32238100,32238600,32242600,32242800,1750
chr11,chr11,32084800,32085000,32091100,32091300,1001
chr11,chr11,32031400,32031900,32027300,32027500,1361
chr11,chr11,32165800,32166100,32151300,32151500,509
chr11,chr11,32289600,32290000,32291300,32291500,1854
chr11,chr11,32080100,32080500,32076800,32077000,188
chr11,chr11,32297100,32297200,32291300,32291500,963
chr11,chr11,32159200,32159500,32151300,32151500,795
chr11,chr11,32038000,32038200,32027300,32027500,362
chr11,chr11,32252900,32253400,32258700,32258900,1235
chr11,chr11,32172400,32172600,32175100,32175300,1595
chr11,chr11,32178000,32179000,32119100,32119300,179
chr11,chr11,32061900,32062400,32059300,32059500,1169
chr11,chr11,32039700,32040700,32036400,32036600,1333
chr11,chr11,32008400,32008700,32002400,32002600,1040
chr11,chr11,32131900,32132700,32119100,32119300,717
chr11,chr11,32047900,32048300,32051100,32051300,1317
chr11,chr11,32194500,32194900,32175100,32175300,337
chr11,chr11,32294100,32294300,32297900,32298100,1266
chr11,chr11,32100200,32100700,32110900,32111100,528
chr11,chr11,32172800,32173000,32175100,32175300,2443
chr11,chr11,32293500,32294100,32297900,32298100,912
chr11,chr11,32205600,32206000,32207100,32207300,2386
chr11,chr11,32101400,32101700,32067900,32068100,213
chr11,chr11,32232000,32232300,32236300,32236500,1471
chr11,chr11,32116400,32116700,32236300,32236500,280
chr11,chr11,32020200,32021200,32002400,32002600,214
chr11,chr11,32260100,32260900,32275000,32275200,653
chr11,chr11,32155100,32155300,32151300,32151500,1631
chr11,chr11,32018100,32018300,32011800,32012000,921
chr11,chr11,32116700,32116800,32110900,32111100,1061
chr11,chr11,32212800,32213500,32207100,32207300,1163
chr11,chr11,32155300,32155800,32151300,32151500,1474
chr11,chr11,32244800,32245800,32252600,32252800,700
chr11,chr11,32262500,32262500,32275000,32275200,110
chr11,chr11,32088800,32090000,32083700,32083900,1242
chr11,chr11,32265900,32266200,32275000,32275200,676
chr11,chr11,32122000,32122600,32119100,32119300,1689
chr11,chr11,32063100,32063300,32067900,32068100,1049
chr11,chr11,32013700,32013800,32011800,32012000,1971
chr11,chr11,32012200,32013100,32042100,32042300,140
chr11,chr11,32240300,32240700,32119100,32119300,238
chr11,chr11,32154000,32155100,32151300,32151500,1724
chr11,chr11,32203700,32204300,32215400,32215600,599
chr11,chr11,32215900,32216000,32076800,32077000,75
chr11,chr11,32055900,32056200,32059300,32059500,1321
chr11,chr11,32246500,32246900,32242600,32242800,1618
chr11,chr11,32217400,32217700,32207100,32207300,696
chr11,chr11,32194900,32195200,32145800,32146000,122
chr11,chr11,32200400,32203100,32207100,32207300,1274
chr11,chr11,32060900,32061000,32067900,32068100,841
chr11,chr11,32039700,32040700,32011800,32012000,169
chr11,chr11,32254000,32255200,32267200,32267400,487
chr11,chr11,32013600,32013700,32011800,32012000,1336
chr11,chr11,32151800,32152400,32175100,32175300,538
chr11,chr11,32240300,32240700,32242600,32242800,2295
chr11,chr11,32004100,32004300,32011800,32012000,644
chr11,chr11,32050500,32050600,32258700,32258900,72
chr11,chr11,32281200,32281400,32275000,32275200,1015
chr11,chr11,32142000,32144100,32145800,32146000,1465
chr11,chr11,32070400,32070400,32076800,32077000,271
chr11,chr11,32262700,32262800,32258700,32258900,1168
chr11,chr11,32061900,32062400,32059300,32059500,1169
chr11,chr11,32102700,32103200,32242600,32242800,223
chr11,chr11,32282000,32282300,32283600,32283800,571
chr11,chr11,32238600,32239500,32242600,32242800,1986
chr11,chr11,32162700,32164900,32151300,32151500,708
chr11,chr11,32217200,32217300,32215400,32215600,1414
chr11,chr11,32086300,32087000,32091100,32091300,1203
chr11,chr11,32053500,32053600,32051100,32051300,1490
chr11,chr11,32064300,32065100,32067900,32068100,935
chr11,chr11,32063700,32064200,32067900,32068100,1613
chr11,chr11,32152400,32152500,32145800,32146000,636
chr11,chr11,32016100,32016200,32011800,32012000,1084
chr11,chr11,32028600,32029300,32036400,32036600,756
chr11,chr11,32074100,32075500,32051100,32051300,285
chr11,chr11,32149900,32149900,32151300,32151500,1484
chr11,chr11,32131900,32132700,32091100,32091300,259
chr11,chr11,32137800,32137900,32119100,32119300,510
chr11,chr11,32214200,32214300,32207100,32207300,574
chr11,chr11,32008700,32008800,32027300,32027500,126
chr11,chr11,32002800,32003700,32011800,32012000,470
chr11,chr11,32139200,32139400,32145800,32146000,499
chr11,chr11,32190700,32191200,32119100,32119300,194
chr11,chr11,32168600,32169400,32175100,32175300,1592
chr11,chr11,32199400,32200100,32207100,32207300,761
chr11,chr11,32048300,32049000,32042100,32042300,1046
chr11,chr11,32075700,32076600,32110900,32111100,184
chr11,chr11,32139800,32140700,32119100,32119300,615
chr11,chr11,32060500,32060900,32091100,32091300,245
chr11,chr11,32239500,32240300,32242600,32242800,1996
chr11,chr11,32228600,32230000,32215400,32215600,617
chr11,chr11,32252800,32252900,32258700,32258900,987
chr11,chr11,32123500,32124200,32215400,32215600,439
chr11,chr11,32152900,32153200,32215400,32215600,102
chr11,chr11,32295200,32296400,32297900,32298100,1938
chr11,chr11,32213500,32214200,32215400,32215600,2597
chr11,chr11,32185900,32186400,32175100,32175300,406
chr11,chr11,32088600,32088800,32051100,32051300,117
chr11,chr11,32173300,32173400,32175100,32175300,1524
chr11,chr11,32204900,32205600,32207100,32207300,1660
chr11,chr11,32026000,32026200,32042100,32042300,262
chr11,chr11,32115700,32116400,32119100,32119300,1755
chr11,chr11,32110500,32110800,32091100,32091300,463
chr11,chr11,32162000,32162200,32145800,32146000,358
chr11,chr11,32085600,32086300,32119100,32119300,321
chr11,chr11,32114100,32114600,32110900,32111100,1518
chr11,chr11,32008900,32009400,32011800,32012000,1408
chr11,chr11,32252000,32252600,32275000,32275200,392
chr11,chr11,32126300,32126600,32207100,32207300,157
chr11,chr11,32106200,32106700,32110900,32111100,1441
chr11,chr11,32161300,32161600,32151300,32151500,482
chr11,chr11,32029300,32031100,32036400,32036600,809
chr11,chr11,32210000,32210400,32215400,32215600,1684
chr11,chr11,32062900,32063100,32067900,32068100,953
