chr1,chr2,start1,end1,start2,end2,count
chr11,chr11,32111600,32112600,32119100,32119300,1164
chr11,chr11,32232300,32232400,32236300,32236500,1382
chr11,chr11,32277400,32279600,32042100,32042300,105
chr11,chr11,32166800,32167100,32156000,32156200,146
chr11,chr11,32173300,32173400,32175100,32175300,1524
chr11,chr11,32009700,32010300,32011800,32012000,1793
chr11,chr11,32120800,32121400,32091100,32091300,243
chr11,chr11,32176000,32176100,32168900,32169100,292
chr11,chr11,32285300,32286700,32291300,32291500,930
chr11,chr11,32114100,32114600,32110900,32111100,1518
chr11,chr11,32065800,32067200,32059300,32059500,723
chr11,chr11,32181300,32182300,32175100,32175300,1755
chr11,chr11,32284500,32284800,32291300,32291500,863
chr11,chr11,32065800,32067200,32051100,32051300,477
chr11,chr11,32075500,32075700,32076800,32077000,510
chr11,chr11,32122000,32122600,32207100,32207300,244
chr11,chr11,32262600,32262600,32258700,32258900,1199
chr11,chr11,32230000,32230600,32236300,32236500,1108
chr11,chr11,32144300,32145200,32151300,32151500,1052
chr11,chr11,32149900,32150100,32145800,32146000,1190
chr11,chr11,32031200,32031400,32036400,32036600,789
chr11,chr11,32010300,32011300,32027300,32027500,451
chr11,chr11,32082700,32082900,32042100,32042300,136
chr11,chr11,32298700,32299800,32291300,32291500,654
chr11,chr11,32039700,32040700,32036400,32036600,1333
chr11,chr11,32246300,32246500,32091100,32091300,151
chr11,chr11,32161300,32161600,32151300,32151500,482
chr11,chr11,32204700,32204900,32207100,32207300,1535
chr11,chr11,32288400,32288500,32267200,32267400,141
chr11,chr11,32184100,32184700,32151300,32151500,264
chr11,chr11,32178000,32179000,32175100,32175300,2932
chr11,chr11,32155300,32155800,32151300,32151500,1474
chr11,chr11,32243000,32243100,32236300,32236500,519
chr11,chr11,32070700,32070800,32067900,32068100,721
chr11,chr11,32281900,32282000,32275000,32275200,757
chr11,chr11,32052100,32052600,32042100,32042300,738
chr11,chr11,32007900,32008000,32011800,32012000,1151
chr11,chr11,32176200,32176900,32168900,32169100,403
chr11,chr11,32012000,32012200,32027300,32027500,410
chr11,chr11,32263100,32264600,32267200,32267400,1207
chr11,chr11,32285300,32286700,32267200,32267400,300
chr11,chr11,32271600,32274600,32267200,32267400,1101
chr11,chr11,32266300,32266500,32275000,32275200,788
chr11,chr11,32255300,32255600,32258700,32258900,1439
chr11,chr11,32237200,32238100,32067900,32068100,253
chr11,chr11,32249200,32251500,32242600,32242800,784
chr11,chr11,32246500,32246900,32242600,32242800,1618
chr11,chr11,32144100,32144300,32151300,32151500,881
chr11,chr11,32169900,32170700,32175100,32175300,1896
chr11,chr11,32279600,32279700,32275000,32275200,1254
chr11,chr11,32293000,32293500,32297900,32298100,1233
chr11,chr11,32109000,32109900,32215400,32215600,370
chr11,chr11,32004900,32005500,32011800,32012000,796
chr11,chr11,32157600,32158400,32151300,32151500,1152
chr11,chr11,32282300,32283100,32291300,32291500,686
chr11,chr11,32117100,32117600,32119100,32119300,2383
chr11,chr11,32261800,32261900,32258700,32258900,1337
chr11,chr11,32234000,32234200,32236300,32236500,2113
chr11,chr11,32126300,32126600,32242600,32242800,66
chr11,chr11,32031900,32032700,32027300,32027500,1068
chr11,chr11,32112900,32113200,32110900,32111100,2326
chr11,chr11,32061900,32062400,32067900,32068100,1098
chr11,chr11,32013900,32015000,32027300,32027500,556
chr11,chr11,32062900,32063100,32059300,32059500,772
chr11,chr11,32172600,32172800,32175100,32175300,2871
chr11,chr11,32140800,32141200,32275000,32275200,50
chr11,chr11,32260100,32260900,32297900,32298100,197
chr11,chr11,32133400,32134700,32119100,32119300,873
chr11,chr11,32188900,32189400,32207100,32207300,227
chr11,chr11,32264900,32265000,32267200,32267400,1095
chr11,chr11,32232400,32232500,32236300,32236500,460
chr11,chr11,32172100,32172400,32175100,32175300,2109
chr11,chr11,32117600,32117700,32119100,32119300,1500
chr11,chr11,32294400,32294800,32291300,32291500,1533
chr11,chr11,32217200,32217300,32215400,32215600,1414
chr11,chr11,32051900,32052100,32042100,32042300,616
chr11,chr11,32269200,32270100,32267200,32267400,2003
chr11,chr11,32217700,32218100,32110900,32111100,358
chr11,chr11,32168300,32168600,32175100,32175300,876
chr11,chr11,32177600,32177700,32110900,32111100,66
chr11,chr11,32203400,32203700,32207100,32207300,1681
chr11,chr11,32104600,32104900,32091100,32091300,371
chr11,chr11,32005500,32006400,32002400,32002600,1482
chr11,chr11,32016200,32018100,32011800,32012000,1297
chr11,chr11,32130200,32130300,32110900,32111100,225
chr11,chr11,32179600,32179800,32175100,32175300,1933
chr11,chr11,32047900,32048300,32042100,32042300,1151
chr11,chr11,32008700,32008800,32019000,32019200,145
chr11,chr11,32252000,32252600,32267200,32267400,477
chr11,chr11,32012000,32012200,32019000,32019200,581
chr11,chr11,32155100,32155300,32151300,32151500,1631
chr11,chr11,32268400,32268800,32275000,32275200,1429
chr11,chr11,32057400,32058300,32042100,32042300,445
chr11,chr11,32296400,32296800,32291300,32291500,1148
chr11,chr11,32260900,32261300,32267200,32267400,774
chr11,chr11,32052600,32053200,32042100,32042300,713
chr11,chr11,32045600,32045800,32051100,32051300,1030
chr11,chr11,32011500,32011700,32027300,32027500,310
chr11,chr11,32232900,32233100,32242600,32242800,548
chr11,chr11,32178000,32179000,32175100,32175300,2932
chr11,chr11,32047800,32047900,32051100,32051300,749
chr11,chr11,32088000,32088600,32215400,32215600,344
chr11,chr11,32232300,32232400,32236300,32236500,1382
chr11,chr11,32155800,32156300,32151300,32151500,1230
chr11,chr11,32233100,32234000,32236300,32236500,2009
chr11,chr11,32047500,32047800,32051100,32051300,1560
chr11,chr11,32105600,32106200,32119100,32119300,663
chr11,chr11,32038000,32038200,32042100,32042300,789
chr11,chr11,32104500,32104600,32091100,32091300,416
chr11,chr11,32158400,32158800,32156000,32156200,453
chr11,chr11,32172800,32173000,32168900,32169100,472
chr11,chr11,32288500,32289100,32275000,32275200,640
chr11,chr11,32008400,32008700,32002400,32002600,1040
chr11,chr11,32032700,32033400,32036400,32036600,1181
chr11,chr11,32008000,32008300,32019000,32019200,220
chr11,chr11,32242300,32242400,32252600,32252800,413
chr11,chr11,32137900,32138000,32151300,32151500,373
chr11,chr11,32164900,32165500,32175100,32175300,361
chr11,chr11,32138900,32139200,32151300,32151500,521
chr11,chr11,32026200,32026500,32275000,32275200,96
chr11,chr11,32204300,32204700,32207100,32207300,1795
chr11,chr11,32223300,32223500,32215400,32215600,636
chr11,chr11,32080700,32081200,32076800,32077000,550
chr11,chr11,32206000,32206200,32258700,32258900,71
chr11,chr11,32135900,32136400,32145800,32146000,433
chr11,chr11,32244800,32245800,32252600,32252800,700
chr11,chr11,32071200,32071300,32067900,32068100,1014
chr11,chr11,32070000,32070100,32091100,32091300,126
